data/images/frames_01349.jpg 591,716,627,771,1 1315,460,1384,537,2 1392,447,1457,539,2 1468,485,1543,547,2 1013,528,1082,593,8 1090,589,1173,654,8 1200,627,1271,702,8 1086,670,1176,791,8 944,731,1077,839,10 839,804,898,887,8 890,898,984,927,8 1054,301,1271,512,6 539,624,677,716,6 1213,792,1384,927,6
data/images/frames_01350.jpg 1228,823,1345,921,0 612,504,737,664,14 1054,297,1261,526,6 1311,455,1382,524,2 1397,447,1468,508,2 1392,514,1459,574,2 979,600,1056,675,8 1098,608,1161,664,8 1092,679,1153,733,8 1155,720,1209,783,8 835,802,904,887,8 881,902,948,927,8 1165,658,1261,720,2 935,727,1090,825,10
data/images/frames_01351.jpg 956,739,1071,831,10 917,700,977,756,8 1067,693,1123,729,8 823,808,894,888,8 892,900,979,929,8 1142,627,1221,708,8 1309,456,1382,531,2 1407,456,1455,531,2 1284,549,1395,616,2 1163,804,1246,892,2 639,428,773,562,14 1086,727,1196,806,0 716,514,760,568,1
data/images/frames_01352.jpg 1063,720,1104,777,1 1324,458,1380,531,2 1403,449,1457,520,2 1311,543,1367,612,2 1246,504,1315,579,8 911,700,973,781,8 833,823,931,881,8 881,911,946,929,8 977,743,1059,852,10 670,424,771,535,14 1009,654,1100,727,0
data/images/frames_01353.jpg 954,635,1119,760,0 639,401,791,528,14 1286,535,1365,622,2 1317,455,1384,526,2 1397,453,1478,518,2 829,814,942,896,8 883,902,933,927,8 1061,620,1127,673,8 1138,606,1217,704,8 654,815,700,873,1 1032,305,1263,566,6 967,743,1065,850,10
data/images/frames_01354.jpg 979,739,1057,850,10 1276,479,1336,551,2 1395,453,1464,531,2 1286,552,1393,612,2 810,814,898,890,8 892,896,959,935,8 1094,666,1165,758,8 1127,604,1198,689,8 1061,743,1092,802,1 599,610,718,725,14 994,650,1094,739,0 1046,307,1251,543,6
data/images/frames_01355.jpg 1032,299,1269,556,6 1056,743,1102,804,1 1395,451,1457,520,2 1276,489,1361,543,2 1280,547,1372,625,2 825,815,921,888,8 894,906,967,935,8 1117,681,1209,756,8 1211,612,1317,716,8 587,652,679,779,14 1007,658,1109,737,0
data/images/frames_01356.jpg 1013,664,1104,768,0 572,650,679,789,14 1050,731,1090,791,1 1386,451,1470,512,2 1269,495,1342,551,2 1294,558,1361,622,2 833,812,910,890,8 881,906,935,931,8 1107,698,1157,768,8 1171,698,1255,775,8 965,756,1067,858,10 1029,297,1261,558,6
data/images/frames_01357.jpg 1031,305,1255,549,6 1163,752,1209,812,1 1397,451,1463,531,2 1276,491,1338,547,2 1301,554,1390,616,2 627,785,746,860,2 808,819,896,883,8 887,902,938,931,8 1107,685,1171,756,8 954,735,1079,831,10 599,608,756,739,14 1186,687,1261,779,0
data/images/frames_01358.jpg 1207,729,1320,858,0 693,612,775,702,14 852,821,940,877,8 848,888,942,929,8 1148,597,1211,683,8 1221,616,1303,698,8 963,673,1073,785,10 1393,443,1466,522,2 1288,491,1363,529,2 1299,552,1361,614,2 1138,685,1184,737,1 648,783,725,852,2 1038,297,1261,562,6
data/images/frames_01359.jpg 1013,297,1274,528,6 1393,455,1478,510,2 1276,497,1345,543,2 1297,564,1386,612,2 1305,520,1334,566,1 981,810,1059,892,8 850,819,935,887,8 760,877,833,923,8 1238,637,1324,704,8 1228,551,1290,624,8 944,625,1056,760,10 681,591,800,712,14 1196,720,1342,863,0 650,735,733,831,2
data/images/frames_01360.jpg 1294,535,1363,620,2 1278,481,1334,539,2 1397,458,1464,514,2 1086,756,1173,827,8 944,833,1052,888,8 702,652,777,737,8 1224,554,1282,635,8 1015,650,1153,750,10 1322,558,1361,616,1 1386,514,1455,599,8 833,528,938,668,14 1201,720,1340,860,0 1046,293,1249,524,6
data/images/frames_01361.jpg 1054,297,1274,543,6 1395,449,1468,520,2 1445,478,1472,524,1 931,506,1046,658,14 1203,712,1336,865,0 1073,752,1152,823,8 983,821,1061,894,8 702,681,754,743,8 1230,554,1299,631,8 1086,641,1219,743,10
data/images/frames_01362.jpg 1113,643,1205,756,10 1163,744,1223,827,8 979,819,1071,896,8 702,675,773,744,8 1294,481,1376,560,8 1384,535,1438,610,8 954,506,1054,641,14 1236,720,1336,858,0 1050,297,1278,554,6 1175,508,1209,552,1
data/images/frames_01363.jpg 1088,491,1128,554,1
data/images/frames_01364.jpg 1386,426,1430,481,1 981,800,1048,902,8 695,679,758,731,8 1161,739,1224,814,8 1265,552,1351,622,8 1280,478,1338,551,8 1130,637,1211,756,10 948,495,1050,637,14 1223,704,1347,860,0 1050,293,1248,533,6
data/images/frames_01365.jpg 566,537,606,597,1 441,827,504,890,8 631,752,691,814,8 180,681,272,737,8 581,695,700,743,10 698,727,823,856,0
data/images/frames_01366.jpg 570,541,602,593,1 441,819,497,896,8 633,744,693,817,8 184,675,255,735,8 581,698,700,754,10 693,716,829,865,0
data/images/frames_01367.jpg 570,535,602,591,1 443,814,518,894,8 631,746,695,817,8 188,679,245,727,8 587,696,700,748,10 689,718,825,863,0
data/images/frames_01368.jpg 871,821,938,904,8 579,679,691,744,8 1050,743,1107,825,8 1155,552,1272,631,8 1171,499,1259,551,8 1006,643,1117,750,10 854,503,931,643,14 1104,723,1234,863,0 954,291,1161,518,6
data/images/frames_01369.jpg 933,516,967,562,1 593,677,656,739,8 867,812,948,904,8 1054,750,1115,823,8 1161,551,1251,629,8 1186,493,1271,551,8 1007,641,1094,754,10 842,508,931,633,14 1115,718,1238,869,0 944,293,1165,556,6
data/images/frames_01370.jpg 935,512,969,566,1 589,672,654,739,8 860,819,931,883,8 1054,743,1115,821,8 1159,554,1255,631,8 1184,493,1297,545,8 1013,641,1105,750,10 842,497,935,648,14 923,288,1184,568,6
data/images/frames_01371.jpg 1363,393,1393,435,1 733,604,808,673,8 977,681,1073,758,8 1207,687,1286,758,8 1317,464,1397,541,8 1326,422,1399,468,8 1176,591,1292,689,10 852,503,959,654,14
data/images/frames_01372.jpg 543,783,618,852,8 791,727,871,789,8 979,735,1069,804,8 1127,491,1201,564,8 1175,441,1238,510,8 969,614,1075,714,10 662,631,777,804,14 1236,180,1309,247,2 1309,57,1378,140,2 1457,3,1622,226,5
data/images/frames_01373.jpg 971,543,1007,589,1 840,785,933,863,8 833,867,938,927,8 986,539,1063,600,8 1006,476,1098,541,8 921,635,1031,748,10 645,660,777,814,14 1111,380,1184,449,2 1146,190,1223,266,2 1714,512,1806,600,2 1311,57,1530,359,5 1025,7,1192,142,5
data/images/frames_01374.jpg 1065,491,1107,529,1 768,804,858,906,8 854,789,915,865,8 925,815,1000,904,8 963,535,1025,597,8 1013,487,1094,562,8 942,639,1029,739,10 754,587,839,723,14 1057,366,1109,451,2 1109,422,1165,512,2 1013,437,1080,508,2 1714,545,1845,637,2 1733,758,1822,810,2 1121,188,1230,314,4 1345,34,1516,362,5 1036,9,1182,153,5
data/images/frames_01375.jpg 959,481,990,531,1 787,748,850,825,8 867,789,910,860,8 933,827,1002,900,8 956,537,1025,597,8 1031,510,1094,558,8 938,631,1031,744,10 746,585,883,731,14 1092,261,1180,312,2 1710,600,1818,702,2 1077,303,1165,410,4 1326,49,1524,349,5 1052,7,1186,140,5 1276,11,1618,159,7
data/images/frames_01376.jpg 986,516,1017,564,1 787,748,856,814,8 869,787,921,858,8 933,823,994,896,8 958,537,1017,604,8 931,631,1029,733,10 768,574,837,735,14 1021,241,1096,303,2 1071,288,1115,343,2 1716,455,1831,535,2 952,431,1015,518,2 1029,489,1125,581,2 1706,604,1814,743,4 1036,351,1130,458,4 1328,53,1551,368,5 1040,5,1203,149,5 1276,11,1618,157,7
data/images/frames_01377.jpg 1044,579,1088,627,1 794,750,862,812,8 867,796,925,862,8 940,827,1000,892,8 1034,792,1119,873,8 752,848,844,919,8 915,631,1019,752,10 762,589,833,716,14 977,311,1044,380,2 1052,332,1123,403,2 1138,355,1215,414,2 1703,685,1818,764,2 913,430,1059,541,4 1326,46,1526,349,5 1025,1,1198,142,5 1265,9,1607,159,7
data/images/frames_01378.jpg 1029,587,1067,635,1 695,741,777,814,8 794,743,856,837,8 863,792,919,867,8 929,827,996,910,8 1013,840,1090,913,8 1046,587,1111,662,8 946,600,1034,706,10 741,595,850,720,14 975,330,1038,405,2 1046,353,1111,412,2 1138,357,1203,439,2 1714,545,1827,622,2 1720,739,1820,806,2 869,441,961,581,4 1359,42,1539,370,5 1061,11,1192,145,5
data/images/frames_01379.jpg 923,535,958,591,1 729,823,804,911,8 791,743,846,815,8 858,789,917,858,8 929,827,990,900,8 1163,599,1251,683,8 800,549,875,602,8 1054,497,1146,618,10 750,585,844,718,14 975,326,1052,408,2 1057,353,1121,431,2 1144,349,1205,447,2 871,468,977,572,4 1332,34,1518,355,5 1044,5,1203,151,5
data/images/frames_01380.jpg 1013,426,1056,474,1 574,758,639,831,8 652,815,723,865,8 733,837,794,908,8 808,752,850,825,8 863,789,927,865,8 935,829,1002,894,8 961,547,1009,612,8 1002,499,1052,568,8 804,535,883,627,8 1038,528,1157,648,10 760,595,852,725,14 981,311,1054,389,2 1061,324,1117,410,2 1140,341,1230,420,2 1436,693,1543,787,2 837,462,969,549,4 1336,44,1545,364,5 1046,3,1194,138,5 1276,11,1612,142,7
data/images/frames_01381.jpg 1025,453,1063,504,1 700,639,752,718,8 702,576,771,645,8 837,639,915,708,8 983,725,1059,785,8 927,817,1002,898,8 1002,892,1061,929,8 1175,606,1257,673,8 935,407,1000,478,8 1050,420,1115,487,8 760,587,835,718,14 946,357,1019,422,2 1036,378,1107,441,2 1102,385,1163,449,2 1330,666,1449,764,2 1322,44,1555,355,5 1042,7,1203,151,5
data/images/frames_01382.jpg 1088,403,1119,451,1 718,568,769,641,8 988,641,1056,708,8 990,721,1075,781,8 917,825,1015,888,8 1032,837,1140,910,8 1263,656,1372,723,8 764,602,840,720,14 1036,385,1088,447,2 1100,422,1161,472,2 1376,668,1440,754,2 1345,57,1545,360,5 1042,11,1207,165,5
data/images/frames_01383.jpg 1155,460,1194,514,1 848,566,915,627,8 825,529,894,581,8 1050,583,1146,645,8 1042,658,1140,725,8 1071,766,1167,842,8 988,896,1056,927,8 1315,608,1409,675,8 1048,412,1113,495,8 762,564,867,721,14 1384,656,1507,756,2 1342,48,1557,357,5 1023,3,1215,153,5
data/images/frames_01384.jpg 1332,309,1370,359,1 1059,435,1109,481,8 1092,468,1144,526,8 1148,466,1213,522,8 1232,537,1278,585,8 1274,574,1336,650,8 1184,737,1269,829,8 1278,366,1363,441,8 1438,408,1530,470,8 986,418,1082,562,14 1334,46,1545,368,5 1032,3,1205,157,5
data/images/frames_01385.jpg 1121,443,1163,501,1 779,658,869,716,8 764,727,840,787,8 848,731,908,800,8 844,812,913,902,8 925,812,996,888,8 1004,835,1071,927,8 1117,600,1171,673,8 1176,635,1263,723,8 681,689,769,848,14 1090,272,1269,599,5 731,11,952,345,5
data/images/frames_01386.jpg 1144,520,1175,576,1 766,658,833,720,8 746,727,827,789,8 842,743,933,792,8 831,804,925,888,8 933,810,1013,894,8 1006,865,1067,923,8 658,700,762,877,14 1061,261,1267,602,5 733,11,942,334,5 1050,19,1403,341,7
data/images/frames_01387.jpg 1136,526,1175,572,1 769,650,844,720,8 779,723,827,794,8 842,733,919,810,8 835,810,917,885,8 929,815,984,900,8 992,867,1057,923,8 637,702,777,881,14 1067,284,1284,604,5 743,44,963,368,5 1077,19,1413,341,7
data/images/frames_01388.jpg 1102,495,1148,556,1 741,687,819,748,8 771,735,833,804,8 840,733,917,804,8 827,804,900,885,8 923,806,1002,894,8 1006,856,1071,923,8 648,714,769,869,14 1050,276,1290,614,5 744,42,946,328,5 1086,9,1399,336,7
data/images/frames_01389.jpg 1111,491,1148,545,1 756,704,825,791,8 842,810,898,881,8 917,812,990,896,8 998,856,1075,925,8 662,702,768,871,14 1069,270,1276,599,5 750,30,946,351,5 1077,11,1397,336,7
data/images/frames_01390.jpg 1102,497,1140,552,1 766,727,846,791,8 833,789,910,869,8 925,819,979,894,8 998,865,1071,933,8 662,695,777,833,14 1077,270,1282,618,5 746,46,954,357,5 1084,3,1403,332,7
data/images/frames_01391.jpg 1105,497,1142,551,1 837,802,915,885,8 925,808,1002,894,8 1004,860,1069,933,8 673,687,769,825,14 1073,288,1284,608,5 769,42,940,337,5 1075,3,1392,326,7
data/images/frames_01392.jpg 1104,499,1140,547,1 837,792,925,881,8 986,867,1071,931,8 691,702,773,821,14 1052,278,1274,599,5 741,19,961,341,5 1092,11,1407,336,7
data/images/frames_01393.jpg 1098,489,1140,547,1 833,812,917,877,8 1000,865,1071,923,8 673,702,775,844,14 1057,272,1276,597,5 731,38,961,355,5 1094,3,1399,339,7
data/images/frames_01394.jpg 1100,491,1138,551,1 846,812,917,883,8 1002,867,1063,919,8 675,691,766,823,14 1059,266,1276,612,5 743,34,954,343,5 1069,5,1405,326,7
data/images/frames_01395.jpg 852,487,887,535,1 863,673,933,758,8 681,702,783,833,14 744,40,954,341,5 1092,11,1397,318,7
data/images/frames_01396.jpg 831,286,869,357,1 873,520,931,595,8 720,551,802,689,14 739,32,969,351,5 1100,7,1405,330,7
data/images/frames_01397.jpg 447,783,487,831,1 862,535,933,597,8 721,545,798,687,14 748,34,954,343,5 1077,21,1401,349,7
data/images/frames_01398.jpg 405,875,441,915,1 485,631,658,779,14 744,42,959,345,5 1061,9,1415,349,7
data/images/frames_01399.jpg 650,702,689,754,1 631,476,769,564,14 1044,5,1200,142,5 1265,3,1622,151,7
data/images/frames_01400.jpg 725,777,762,825,1 635,693,762,833,14 1019,9,1200,145,5 1269,5,1622,142,7
data/images/frames_01401.jpg 710,497,741,547,1 754,524,862,673,14 1031,1,1190,145,5
data/images/frames_01402.jpg 1017,351,1050,399,1 616,451,748,591,14 1056,278,1153,357,2 1155,161,1230,243,2 1040,7,1200,142,5 1276,3,1637,144,7
data/images/frames_01403.jpg 871,522,908,577,1 708,378,827,510,14 915,374,988,478,2 1029,303,1092,387,2 1165,149,1242,230,2 1025,5,1192,142,5 1276,3,1614,142,7
data/images/frames_01404.jpg 802,566,835,618,1 718,403,808,520,14 787,364,848,458,2 840,431,911,506,2 977,299,1059,387,2 1148,180,1219,238,2 1036,11,1188,130,5 1274,7,1595,147,7
data/images/frames_01405.jpg 762,587,794,635,1 387,796,531,938,9 712,403,791,526,14 1019,293,1096,360,2 1117,226,1192,288,2 773,387,823,470,2 823,380,885,455,2 1038,5,1198,136,5 1269,3,1616,142,7
data/images/frames_01406.jpg 706,602,746,643,1 503,814,568,915,8 545,587,695,766,9 693,401,798,528,14 768,387,835,472,2 827,349,902,449,2 1015,297,1082,364,2 1025,234,1077,305,2 1098,253,1163,314,2 1042,3,1178,134,5 1267,1,1630,138,7
data/images/frames_01407.jpg 716,599,746,647,1 512,840,597,923,8 679,599,725,664,8 685,460,823,610,9 698,380,815,510,14 819,395,904,455,2 1013,305,1086,376,2 1006,213,1065,263,2 1017,234,1109,312,2 1056,9,1196,126,5 1276,3,1630,136,7
data/images/frames_01408.jpg 844,462,883,512,1 597,627,683,704,8 554,771,631,844,8 827,510,904,574,8 666,431,785,595,9 704,391,792,483,14 952,251,1015,301,2 956,293,1015,366,2 1019,295,1107,364,2 1267,11,1614,159,7
data/images/frames_01409.jpg 848,468,885,510,1 604,741,687,812,8 595,512,672,581,8 658,416,718,474,8 814,443,896,508,8 670,464,815,585,9 942,299,1011,366,2 1019,297,1077,370,2 956,243,1038,303,2 1276,11,1618,151,7
data/images/frames_01410.jpg 969,729,1000,781,1 823,744,902,819,8 913,750,969,814,8 635,798,704,833,8 802,837,1002,933,9 946,641,1034,700,2 956,710,1025,810,2 1046,710,1111,798,2 1048,105,1246,445,5 1359,115,1716,468,7
data/images/frames_01411.jpg 996,382,1038,424,1 608,643,683,723,8 785,528,858,579,8 648,464,718,541,8 911,305,973,360,8 892,359,1025,501,9 712,397,794,535,14 959,255,1042,326,2 1271,5,1622,155,7
data/images/frames_01412.jpg 1029,518,1065,572,1 752,844,825,933,8 695,725,773,779,8 854,572,1000,743,9 647,754,756,881,14 961,533,1042,595,2 1054,5,1224,374,5 1319,19,1676,378,7
data/images/frames_01413.jpg 1094,353,1136,397,1 819,718,896,808,8 863,643,942,710,8 913,407,979,472,8 971,384,1023,447,8 771,441,925,610,9 744,570,858,718,14 1057,49,1232,364,5 1334,24,1687,378,7
data/images/frames_01414.jpg 1098,351,1125,405,1 973,528,1027,591,8 1027,587,1084,641,8 1009,312,1067,372,8 873,479,923,529,8 1040,364,1176,514,9 825,495,917,639,14 1063,51,1226,366,5 1336,26,1703,364,7
data/images/frames_01415.jpg 729,631,802,695,8 833,716,902,771,8 902,764,958,842,8 900,455,959,504,8 961,512,1031,581,8 1032,483,1146,624,9 672,672,779,808,14 935,182,1123,504,5 1238,157,1630,518,7
data/images/frames_01416.jpg 963,539,1000,589,1 781,560,844,635,8 850,620,919,704,8 608,756,710,810,8 702,827,787,913,8 771,890,856,933,8 931,585,1056,741,9 499,825,664,948,14 815,286,1023,602,5 1178,241,1560,633,7
data/images/frames_01417.jpg 954,535,996,579,1 610,752,710,823,8 721,842,792,911,8 773,562,835,656,8 856,620,919,700,8 917,579,1086,741,9 491,823,654,938,14 812,295,1038,616,5 1173,238,1537,608,7
data/images/frames_01418.jpg 963,535,996,587,1 612,744,673,825,8 802,558,840,618,8 862,625,927,687,8 704,823,771,911,8 779,900,831,925,8 913,585,1054,748,9 531,821,650,940,14 823,293,1027,610,5 1161,261,1534,633,7
data/images/frames_01419.jpg 959,537,994,587,1 610,754,696,829,8 702,829,794,913,8 769,881,852,927,8 787,558,858,622,8 852,610,919,696,8 906,579,1080,725,9 520,835,647,933,14 810,293,1015,616,5 1153,278,1551,602,7
data/images/frames_01420.jpg 873,618,906,666,1 748,512,817,587,8 783,566,856,658,8 647,455,741,518,8 787,301,860,374,8 863,357,940,408,8 927,289,1031,445,9 597,479,685,614,14 837,57,1040,355,5 1153,21,1470,360,7
data/images/frames_01421.jpg 1019,458,1056,503,1 656,407,733,485,8 741,476,798,549,8 798,528,854,604,8 796,293,867,359,8 875,336,931,412,8 911,291,1059,456,9 585,478,691,610,14 1157,26,1476,345,7
data/images/frames_01422.jpg 825,449,888,522,8 894,489,948,556,8 764,320,829,374,8 700,466,821,606,14 1176,78,1501,418,7
data/images/frames_01423.jpg 917,574,954,614,1 771,332,829,397,8 854,303,917,368,8 528,489,622,564,8 564,658,633,735,8 627,689,691,775,8 712,478,885,599,9 464,570,570,702,14 958,247,1315,610,7
data/images/frames_01424.jpg 1052,478,1086,528,1 537,489,608,562,8 574,658,672,718,8 610,702,725,766,8 848,316,938,389,8 898,268,958,312,8 746,458,871,612,9 464,583,577,704,14 940,251,1313,610,7
data/images/frames_01425.jpg 1056,476,1098,528,1 510,483,595,541,8 566,650,631,718,8 618,687,677,769,8 842,307,910,360,8 883,259,948,312,8 710,456,885,599,9 470,577,572,729,14 942,243,1324,618,7
data/images/frames_01426.jpg 842,900,879,952,1 537,489,608,554,8 564,658,625,725,8 625,691,693,769,8 810,311,906,372,8 887,251,963,312,8 744,468,877,622,9 456,576,618,710,14 948,245,1319,595,7
data/images/frames_01427.jpg 741,983,771,1034,1 535,491,604,552,8 812,299,904,359,8 888,270,950,312,8 568,647,618,729,8 723,453,885,600,9 468,581,562,710,14 958,249,1297,572,7
data/images/frames_01428.jpg 919,773,956,819,1 558,662,643,725,8 610,704,693,775,8 518,489,610,543,8 839,314,902,389,8 887,264,948,328,8 739,453,873,620,9 485,595,568,708,14 956,241,1315,589,7
data/images/frames_01429.jpg 910,781,944,833,1 568,658,624,725,8 631,687,687,781,8 541,493,618,554,8 821,293,898,376,8 885,251,952,320,8 741,441,881,602,9 470,574,572,725,14 944,241,1309,597,7
data/images/frames_01430.jpg 906,758,944,800,1 564,662,652,721,8 612,689,725,766,8 528,485,627,551,8 833,309,898,366,8 900,266,956,322,8 712,476,892,602,9 470,577,570,710,14 969,241,1303,589,7
data/images/frames_01431.jpg 904,752,940,800,1 564,666,641,725,8 614,696,687,766,8 514,489,618,558,8 835,309,906,368,8 890,257,971,324,8 741,460,867,620,9 478,589,577,716,14 958,253,1303,591,7
data/images/frames_01432.jpg 1048,439,1080,491,1 526,497,616,543,8 846,299,933,372,8 879,264,952,320,8 564,666,625,720,8 618,689,672,768,8 735,455,875,595,9 478,579,566,723,14 662,725,733,794,2 731,662,854,744,2 787,149,862,226,2 639,257,727,339,2 1443,618,1522,716,2 1422,785,1501,910,2 942,253,1324,608,7
data/images/frames_01433.jpg 1178,320,1217,357,1 518,501,600,576,8 810,309,913,378,8 850,249,956,316,8 551,662,625,741,8 625,720,683,773,8 695,474,842,633,9 460,606,577,714,14 468,412,566,481,2 758,151,814,218,2 812,215,869,263,2 1407,679,1520,766,2 1376,860,1491,965,2 760,731,848,810,2 558,764,685,833,2 954,264,1309,604,7
data/images/frames_01434.jpg 1155,324,1188,378,1 696,479,831,643,3 514,495,608,551,8 547,662,629,718,8 618,706,687,768,8 814,238,860,311,8 871,245,923,316,8 466,610,572,725,14 1384,950,1491,1063,2 585,771,691,846,2 689,714,762,792,2 754,222,819,286,2 821,207,885,257,2 752,696,862,844,4 1426,689,1530,844,4 735,142,837,230,4 956,255,1301,602,7
data/images/frames_01435.jpg 1161,328,1190,378,1 562,668,622,731,8 612,700,673,764,8 524,489,599,551,8 810,255,858,320,8 877,261,938,326,8 708,501,837,647,9 476,576,568,723,14 825,660,915,737,2 693,660,785,721,2 639,543,706,618,2 754,241,808,322,2 792,209,890,257,2 1430,702,1528,775,2 762,132,869,218,4 746,708,863,844,4 1378,963,1501,1077,4 956,249,1324,597,7
data/images/frames_01436.jpg 1161,343,1192,403,1 535,504,604,572,8 560,662,625,718,8 622,702,681,781,8 819,259,869,326,8 879,259,931,334,8 702,508,865,635,9 481,581,572,702,14 806,188,885,263,2 750,251,829,328,2 631,547,704,627,2 700,656,804,733,2 831,668,908,733,2 783,608,871,672,2 1438,744,1512,823,2 1376,971,1491,1075,2 731,157,791,215,2 783,134,837,182,2 489,720,572,802,2 737,702,892,833,4 940,241,1330,595,7
data/images/frames_01437.jpg 1161,343,1196,393,1 510,503,585,576,8 539,679,608,737,8 602,727,677,781,8 792,266,852,324,8 860,255,935,332,8 679,526,850,641,9 453,574,554,710,14 689,650,754,725,2 760,660,814,723,2 823,664,900,737,2 1415,718,1516,798,2 1388,940,1484,1032,2 716,178,758,234,2 760,119,819,178,2 787,188,860,238,2 456,733,562,815,2 720,733,885,833,4 935,253,1282,589,7
data/images/frames_01438.jpg 1165,343,1194,385,1 424,541,506,589,8 455,710,520,768,8 512,750,576,808,8 721,288,769,343,8 789,291,863,349,8 366,610,456,756,14 378,766,470,860,2 1328,762,1430,827,2 1288,994,1407,1082,2 737,710,825,785,2 645,764,787,873,4 869,301,1238,625,7
data/images/frames_01439.jpg 1153,341,1201,391,1 278,648,389,791,14
data/images/frames_01440.jpg 1159,336,1203,397,1 270,647,385,794,14
data/images/frames_01441.jpg 1163,347,1194,393,1 247,637,370,794,14
data/images/frames_01442.jpg 1163,351,1201,393,1 355,748,420,810,8 399,792,474,862,8 332,566,401,633,8 631,295,685,370,8 708,303,796,380,8 253,643,374,800,14
data/images/frames_01443.jpg 1163,351,1186,389,1 357,748,424,804,8 397,802,489,860,8 339,579,418,625,8 226,689,393,802,14
data/images/frames_01444.jpg 1159,345,1192,393,1 332,562,405,629,8 355,752,424,812,8 395,794,485,852,8 495,599,662,727,9 257,647,357,815,14
data/images/frames_01445.jpg 1054,677,1094,743,1 339,566,416,625,8 353,746,416,808,8 408,802,483,860,8 493,591,670,733,9 245,683,339,821,14
data/images/frames_01446.jpg 952,633,981,672,1 339,579,408,627,8 359,752,416,817,8 408,796,479,858,8 497,600,672,721,9 243,662,366,796,14
data/images/frames_01447.jpg 468,725,639,865,14 1376,420,1468,549,0 704,710,777,783,2 812,731,883,791,2 777,802,881,887,2 833,620,904,693,2 1052,566,1127,622,2 1132,512,1192,574,2 1269,299,1336,355,8 1246,336,1292,412,8 1146,410,1244,470,8 1069,483,1138,543,8 1121,570,1176,641,8 746,656,819,733,8
data/images/frames_01448.jpg 554,718,681,867,14 704,721,768,783,2 802,733,888,798,2 756,812,842,879,2 1330,648,1368,687,1 1054,562,1119,637,2 1144,504,1223,566,2 833,595,906,679,2 1073,474,1155,533,8 1155,408,1224,472,8 1242,336,1307,387,8 1278,293,1338,359,8 1111,562,1178,637,8 731,641,800,723,8 1378,385,1478,481,0
data/images/frames_01449.jpg 648,758,777,885,14 1272,556,1309,593,1 796,725,871,789,2 756,814,858,879,2 716,721,762,791,2 1057,560,1119,624,2 1136,512,1240,585,2 831,595,911,675,2 1111,560,1192,677,8 1054,460,1136,551,8 1150,403,1228,478,8 1230,341,1296,416,8 1271,301,1338,380,8 720,633,808,723,8 1344,451,1476,560,0
data/images/frames_01450.jpg 493,622,637,741,14 1338,552,1374,587,1 812,618,908,679,2 687,725,773,791,2 808,718,873,792,2 777,808,892,887,2 1056,556,1123,631,2 1127,491,1200,579,2 723,654,812,723,8 1042,495,1138,551,8 1107,568,1186,658,8 1155,393,1236,468,8 1236,336,1292,412,8 1261,295,1336,362,8 1361,395,1474,503,0
data/images/frames_01451.jpg 574,721,702,858,14 1111,585,1138,631,1 1111,503,1188,576,2 823,616,900,679,2 800,723,888,806,2 766,814,837,887,2 718,733,777,798,2 1157,405,1223,472,8 1240,326,1303,403,8 1276,299,1338,359,8 1054,466,1130,533,8 731,648,814,712,8 1251,485,1380,614,0
data/images/frames_01452.jpg 464,660,574,781,14 1102,572,1132,624,1 706,712,773,806,2 800,725,865,792,2 769,819,873,881,2 1061,562,1119,627,2 1136,495,1194,564,2 733,658,815,720,8 1059,479,1132,541,8 1224,334,1294,408,8 1261,307,1326,370,8 1123,574,1194,627,8 1155,412,1232,487,8 831,618,915,687,2 1292,497,1415,593,0
data/images/frames_01453.jpg 564,631,693,785,14 1484,431,1518,472,1 800,725,877,802,2 708,718,783,794,2 785,814,865,887,2 954,518,1013,581,2 1127,520,1226,577,2 1000,551,1065,618,8 1002,501,1057,558,8 1161,403,1236,464,8 1246,391,1324,445,8 1140,353,1249,403,8 1297,443,1422,549,0
data/images/frames_01454.jpg 798,568,896,710,14 1242,526,1272,564,1 700,720,785,785,2 796,727,862,802,2 769,808,839,887,2 933,535,996,593,2 1155,410,1213,478,8 1242,378,1307,445,8 1146,362,1228,418,8 869,537,923,618,8 846,664,908,720,8 1393,359,1522,479,0
data/images/frames_01455.jpg 810,583,923,714,14 1140,462,1167,514,1 704,716,785,794,2 796,739,879,810,2 783,810,862,887,2 1084,466,1146,526,2 1165,405,1223,472,8 1169,341,1223,410,8 1246,380,1303,443,8 718,647,815,712,8 1382,295,1470,430,0
data/images/frames_01456.jpg 831,600,936,723,14 1261,334,1290,372,1 710,712,769,787,2 798,718,867,800,2 783,804,837,887,2 1165,405,1244,470,8 1238,380,1319,433,8 1152,351,1244,412,8 1349,297,1470,426,0
data/images/frames_01457.jpg 831,591,946,731,14 1320,495,1349,541,1 904,658,969,735,2 969,666,1038,741,2 1061,451,1161,526,2 1111,368,1194,424,8 1100,430,1175,476,8 1223,382,1305,449,8 1345,218,1445,336,0
data/images/frames_01458.jpg 900,489,1006,622,14 1461,251,1484,280,1 844,602,931,664,2 910,654,971,741,2 981,641,1040,746,2 1059,380,1119,449,8 1192,443,1257,506,8 1123,418,1173,487,8 1349,312,1505,410,0
data/images/frames_01459.jpg 744,533,869,677,14 1438,372,1468,410,1 844,602,954,670,2 919,672,983,748,2 984,664,1052,746,2 1054,368,1123,441,8 1117,426,1171,487,8 1184,443,1246,524,8 1430,161,1555,291,0
data/images/frames_01460.jpg 769,522,873,664,14 1073,466,1098,501,1 850,602,923,687,2 925,672,981,744,2 984,660,1052,731,2 1046,391,1107,456,8 1107,439,1173,495,8 1188,433,1248,510,8 1384,218,1514,314,0
data/images/frames_01461.jpg 792,506,940,675,14 1476,305,1503,347,1 858,606,940,666,2 923,668,979,748,2 973,666,1038,743,2 1046,387,1109,458,8 1104,428,1157,491,8 1184,443,1257,499,8 1194,309,1368,416,0
data/images/frames_01462.jpg 814,518,913,685,14 1424,478,1453,524,1 931,673,979,737,2 975,656,1044,741,2 863,602,946,664,2 1048,374,1125,453,8 1130,401,1184,464,8 1186,441,1244,528,8 1380,203,1482,311,0
data/images/frames_01463.jpg 650,581,794,714,14 1088,474,1115,512,1 844,602,908,677,2 931,666,984,746,2 983,668,1032,743,2 1034,380,1123,456,8 1123,433,1207,508,8 1332,330,1430,445,0
data/images/frames_01464.jpg 700,562,831,696,14 1098,672,1123,710,1 846,606,938,666,2 927,672,977,743,2 975,654,1032,731,2 1056,380,1125,456,8 1132,439,1207,503,8 1257,458,1399,576,0
data/images/frames_01465.jpg 693,528,789,677,14 1572,487,1599,520,1 852,610,950,673,2 923,670,975,748,2 967,662,1036,743,2 1044,395,1123,472,8 1140,447,1200,543,8 1545,38,1607,119,8 1637,34,1681,63,8 1319,539,1445,658,0
data/images/frames_01466.jpg 704,533,800,681,14 1144,604,1175,643,1 846,610,902,672,2 931,672,977,748,2 973,681,1073,756,2 1052,384,1111,451,8 1136,445,1207,510,8 1436,122,1501,211,8 1532,40,1589,132,8 1605,32,1651,69,8 1415,466,1543,587,0
data/images/frames_01467.jpg 635,585,771,695,14 1514,364,1541,397,1 856,606,938,668,2 938,670,1002,733,2 969,698,1077,756,2 581,804,652,887,2 1040,435,1127,499,8 1320,211,1384,291,8 1430,140,1486,216,8 1511,76,1560,163,8 1601,34,1672,59,8 1382,380,1484,497,0
data/images/frames_01468.jpg 526,677,639,802,14 1251,562,1274,604,1 612,787,685,865,2 456,906,524,998,2 744,639,819,716,2 846,606,938,672,2 935,664,1009,764,2 1200,320,1274,412,8 1031,468,1096,522,8 1322,218,1382,312,8 1392,172,1447,251,8 1501,92,1580,142,8 1555,15,1622,61,8 1445,288,1564,385,0
data/images/frames_01469.jpg 639,648,721,800,14 1069,504,1104,543,1 846,606,940,664,2 929,668,994,754,2 769,606,844,689,2 478,879,552,969,2 670,771,748,858,2 1415,178,1482,241,8 1451,82,1514,140,8 1562,42,1633,96,8 1276,255,1344,357,8 1207,301,1261,393,8 1102,472,1182,549,8 902,510,994,587,2 1303,418,1415,533,0
data/images/frames_01470.jpg 616,654,777,771,14 1221,587,1251,635,1 547,883,600,944,2 660,775,752,854,2 858,602,944,668,2 933,672,1031,741,2 1050,424,1134,518,8 1161,368,1230,472,8 1307,289,1365,337,8 1380,172,1443,236,8 1472,134,1541,188,8 815,539,887,614,2 777,606,848,672,2 984,579,1050,654,2 1054,568,1123,648,8 1324,426,1434,543,0
data/images/frames_01471.jpg 370,702,552,819,14 1023,648,1054,687,1 570,840,637,919,2 668,773,760,842,2 689,842,756,910,2 854,595,944,670,2 935,654,1009,748,2 769,572,858,675,2 1029,516,1107,602,8 956,497,1046,543,8 946,545,1017,602,8 1246,337,1330,399,8 1282,274,1353,339,8 1363,211,1430,270,8 888,531,979,599,2 1213,451,1353,593,0
data/images/frames_01472.jpg 330,802,455,894,14 892,631,923,672,1 666,741,754,794,2 666,794,760,858,2 727,806,823,883,2 940,672,1000,748,2 835,593,902,677,2 873,445,940,522,2 896,522,959,629,2 971,574,1063,670,2 956,497,1019,549,8 1000,533,1067,602,8 1161,359,1226,435,8 1232,366,1320,418,8 1230,311,1299,357,8 1368,439,1451,602,0
data/images/frames_01473.jpg 558,654,679,800,14 1499,468,1530,508,1 660,739,720,808,2 660,794,720,856,2 735,796,789,881,2 923,677,986,748,2 860,608,923,673,2 879,472,954,524,2 898,508,956,600,2 984,579,1040,664,2 1161,362,1217,418,8 1226,357,1297,418,8 1152,316,1223,368,8 992,535,1061,608,8 1180,518,1353,625,0
data/images/frames_01474.jpg 504,817,633,946,14 956,685,979,727,1 668,741,748,802,2 675,796,743,850,2 741,796,821,873,2 933,641,1000,748,2 862,468,936,539,2 904,514,963,587,2 967,554,1038,645,2 969,472,1036,526,8 1002,543,1079,591,8 1165,349,1219,435,8 1161,291,1253,364,8 1242,357,1292,449,8 1345,472,1468,564,0
data/images/frames_01475.jpg 499,695,639,794,14 1319,612,1345,648,1 662,741,733,808,2 679,783,756,854,2 733,787,835,883,2 835,449,931,556,2 900,514,959,602,2 971,562,1056,658,2 975,472,1023,539,8 1155,360,1217,430,8 1232,357,1307,416,8 1146,311,1228,366,8 1344,430,1449,566,0
data/images/frames_01476.jpg 512,714,670,846,14 1294,551,1322,595,1 670,735,716,802,2 668,787,721,856,2 735,800,791,875,2 927,656,986,746,2 833,460,931,531,2 883,516,954,602,2 961,568,1036,648,2 967,487,1036,541,8 1015,539,1082,616,8 1161,357,1246,426,8 1159,318,1217,364,8 1234,364,1299,435,8 1280,491,1415,622,0
data/images/frames_01477.jpg 531,541,647,677,14 1226,664,1257,704,1 654,737,746,804,2 673,779,748,854,2 739,794,817,873,2 946,666,1007,756,2 875,487,946,560,2 908,526,961,591,2 965,595,1029,658,2 1169,280,1238,360,8 1157,360,1224,433,8 1232,355,1292,443,8 973,541,1067,616,8 1376,464,1480,604,0
data/images/frames_01478.jpg 554,560,668,673,14 771,641,808,683,1 975,662,1054,731,2 666,741,746,796,2 677,794,752,852,2 739,794,827,879,2 896,539,963,618,2 961,572,1023,643,2 1159,312,1224,366,8 1157,372,1230,426,8 1240,351,1309,418,8 1002,526,1071,627,8 1217,583,1332,696,0
data/images/frames_01479.jpg 552,539,635,666,14 1048,635,1077,672,1 656,743,731,810,2 670,794,720,854,2 735,794,794,863,2 973,660,1054,729,2 910,533,973,595,2 1006,491,1088,579,8 1161,312,1224,368,8 1165,366,1223,418,8 1224,353,1301,441,8 1090,326,1144,422,2 1305,479,1428,618,0
data/images/frames_01480.jpg 643,591,766,720,14 1376,541,1407,577,1 662,743,764,806,2 654,783,731,848,2 723,792,815,871,2 1084,326,1144,389,2 1046,399,1128,462,8 1169,318,1228,359,8 1169,368,1226,441,8 1240,351,1294,426,8 1246,481,1411,597,0
data/images/frames_01481.jpg 493,750,637,850,14 1633,318,1656,355,1 1013,441,1096,535,2 769,633,839,714,2 860,631,927,733,2 961,645,1061,739,2 1098,305,1169,393,2 1169,364,1240,424,8 1246,353,1299,424,8 1171,311,1236,360,8 1069,391,1127,458,8 1416,360,1488,503,0
data/images/frames_01482.jpg 835,933,858,963,1 1015,301,1098,370,2 1084,312,1146,397,2 1056,410,1121,474,8 1157,355,1215,414,8 1230,362,1299,418,8 1161,303,1228,359,8 1570,236,1666,374,0
data/images/frames_01483.jpg 602,441,702,560,14 1507,384,1526,422,1 1084,330,1138,387,2 1027,382,1104,439,2 773,648,862,718,2 917,583,983,654,2 944,643,1027,716,2 1165,360,1224,420,8 1230,359,1292,420,8 1155,307,1223,364,8 1614,207,1706,328,0
data/images/frames_01484.jpg 741,405,869,524,14 1503,341,1532,380,1 760,652,827,718,2 923,587,1006,650,2 969,627,1034,706,2 1038,382,1107,437,2 1084,334,1144,397,2 1161,364,1221,418,8 1240,349,1315,418,8 1161,301,1234,364,8 1413,241,1560,328,0
data/images/frames_01485.jpg 677,508,815,620,14 1445,272,1470,314,1 769,650,846,710,2 931,579,1006,654,2 1046,545,1121,620,2 1100,322,1148,380,2 1031,372,1107,424,8 1161,307,1232,360,8 1163,366,1228,428,8 1238,353,1313,424,8 1476,249,1559,384,0
data/images/frames_01486.jpg 743,403,852,533,14 1217,359,1246,395,1 781,648,858,716,2 921,587,979,654,2 1046,551,1094,625,2 1086,328,1153,401,2 1169,349,1223,410,8 1153,293,1215,359,8 1215,359,1294,414,8 1392,192,1505,295,0
data/images/frames_01487.jpg 785,380,888,526,14 959,539,984,585,1 775,631,846,718,2 933,579,1011,650,2 1040,545,1115,625,2 1077,328,1134,387,2 1159,305,1240,366,8 1161,374,1221,433,8 1238,351,1317,418,8 1461,243,1589,372,0
data/images/frames_01488.jpg 846,426,971,533,14 1023,462,1050,499,1 1048,293,1134,362,2 1077,332,1146,393,2 883,533,956,597,2 931,585,1015,652,2 1046,543,1121,624,2 1171,311,1230,362,8 1173,364,1226,441,8 1238,364,1299,420,8 1520,341,1641,462,0
data/images/frames_01489.jpg 764,439,862,576,14 1324,564,1353,599,1 898,531,967,593,2 904,572,977,648,2 1038,547,1102,629,2 1057,288,1144,339,2 1096,322,1161,393,2 1165,314,1236,364,8 1171,362,1238,410,8 1240,349,1294,431,8 1430,380,1522,474,0
data/images/frames_01490.jpg 744,355,860,503,14 1130,336,1153,372,1 888,533,984,593,2 923,583,1000,656,2 1036,549,1107,625,2 1069,280,1169,337,2 1086,334,1153,395,2 1171,368,1224,430,8 1171,309,1221,359,8 1248,357,1303,424,8 1399,337,1507,470,0
data/images/frames_01491.jpg 762,362,863,503,14 1562,397,1591,439,1 888,529,958,600,2 923,581,1013,648,2 1038,549,1121,625,2 1079,328,1155,395,2 1184,433,1259,499,8 1405,364,1522,479,0
data/images/frames_01492.jpg 714,483,860,585,14 1219,426,1246,456,1 892,529,992,600,2 908,587,973,648,2 1032,556,1100,618,2 1113,405,1196,499,2 1282,326,1359,391,2 1188,441,1253,510,8 1520,274,1637,405,0
data/images/frames_01493.jpg 700,570,808,672,14 1438,462,1470,501,1 885,533,990,597,2 927,589,1007,652,2 1038,558,1123,624,2 1190,433,1269,497,8 1557,157,1653,286,0
data/images/frames_01494.jpg 825,695,973,833,14 1292,408,1317,451,1 885,531,950,600,2 927,583,1017,648,2 1038,549,1134,631,2 1184,449,1249,503,8 1539,334,1653,437,0
data/images/frames_01495.jpg 856,624,956,768,14 1357,418,1392,455,1 890,531,983,585,2 1023,549,1100,620,2 921,593,984,648,2 1176,447,1249,516,8 1553,49,1610,126,8 1630,28,1679,51,8 1338,249,1436,351,0
data/images/frames_01496.jpg 946,600,1069,727,14 1704,295,1737,334,1 885,535,963,600,2 915,600,990,654,2 1034,551,1123,625,2 1190,441,1269,495,8 1443,124,1509,211,8 1543,46,1589,132,8 1608,30,1664,63,8 1368,203,1461,351,0
data/images/frames_01497.jpg 862,645,992,764,14 938,633,969,670,1 869,524,977,595,2 1038,556,1132,622,2 938,593,1019,654,2 1320,213,1395,303,8 1430,134,1491,230,8 1514,65,1576,147,8 1182,441,1253,512,8 1514,263,1653,401,0 1578,26,1672,80,10
data/images/frames_01498.jpg 844,685,969,781,14 1787,364,1814,401,1 938,526,996,577,2 977,537,1036,608,2 1042,554,1102,629,2 614,779,695,865,2 783,670,856,733,2 1221,330,1278,403,8 1299,232,1372,320,8 1407,157,1464,241,8 1574,40,1635,97,8 1449,297,1607,441,0 1491,86,1580,168,10
data/images/frames_01499.jpg 610,731,735,863,14 1413,675,1441,718,1 1098,470,1176,556,8 1200,336,1274,426,8 1282,251,1353,334,8 1480,124,1551,168,8 1560,49,1628,97,8 1608,345,1770,464,0 431,875,562,994,4 1368,167,1484,272,10
data/images/frames_01500.jpg 689,549,800,679,14 1015,600,1046,637,1 944,531,1006,597,2 1023,560,1092,625,2 1098,570,1159,647,2 940,610,1019,664,2 510,856,585,933,2 652,629,729,695,2 1084,424,1161,501,8 1173,359,1242,453,8 1107,495,1169,564,8 1367,216,1432,270,8 1461,128,1528,188,8 1555,46,1624,99,8 1426,464,1572,574,0 668,714,783,829,4 1251,264,1361,351,10
data/images/frames_01501.jpg 693,574,815,670,14 1564,625,1591,677,1 723,710,796,792,2 554,825,639,908,2 958,608,1031,660,2 1267,324,1338,380,8 1349,220,1418,276,8 1463,130,1520,184,8 1363,472,1482,610,0 846,587,936,691,4 1153,366,1242,478,10
data/images/frames_01502.jpg 485,664,600,766,14 1040,606,1063,637,1 969,604,1031,673,2 1046,558,1115,606,2 1115,587,1171,652,2 915,474,998,549,2 1004,493,1054,549,2 700,648,775,733,2 750,696,823,787,2 591,856,652,931,2 1205,293,1272,349,8 1322,197,1399,259,8 1259,320,1330,387,8 1161,531,1226,612,8 1105,501,1165,560,8 1044,483,1109,541,8 1418,489,1530,614,0 852,587,950,704,4 1153,395,1271,489,10
data/images/frames_01503.jpg 570,648,685,744,14 1464,522,1497,556,1 733,710,825,781,2 777,775,852,860,2 768,635,839,696,2 963,602,1023,662,2 1104,585,1180,650,2 1042,560,1105,618,2 998,491,1057,556,2 931,476,992,551,2 1119,501,1192,560,8 1155,549,1228,616,8 1190,314,1251,387,8 1267,322,1324,387,8 1330,349,1395,407,8 1054,483,1121,551,8 1361,487,1482,610,0 840,591,959,702,4 1173,405,1294,485,10
data/images/frames_01504.jpg 677,625,777,743,14 1461,574,1491,614,1 746,718,823,781,2 827,752,915,825,2 754,627,825,695,2 963,595,1036,660,2 1088,576,1161,658,2 925,487,1002,549,2 1015,481,1065,558,2 1090,529,1146,579,8 1159,545,1221,618,8 1186,303,1263,366,8 1269,318,1332,382,8 1326,362,1403,431,8 1470,483,1584,604,0 831,599,950,704,4 1157,403,1276,491,10
data/images/frames_01505.jpg 710,449,804,593,14 1261,633,1286,672,1 1096,581,1159,693,2 963,600,1013,664,2 927,474,996,539,2 996,487,1054,554,2 764,627,842,704,2 746,710,823,777,2 823,748,879,825,2 1167,549,1246,616,8 1192,299,1253,370,8 1259,330,1322,387,8 1319,370,1399,426,8 1511,508,1641,618,0 839,597,954,702,4 1173,403,1284,495,10
data/images/frames_01506.jpg 670,524,791,618,14 1198,618,1224,660,1 958,600,1027,660,2 1100,579,1167,641,2 954,479,1034,535,2 777,633,865,691,2 731,710,800,775,2 815,752,915,821,2 1157,539,1248,599,8 1200,303,1261,372,8 1269,334,1326,382,8 1326,380,1378,453,8 956,543,1023,597,8 1449,472,1560,587,0 875,552,977,664,4 1157,395,1274,491,10
data/images/frames_01507.jpg 478,685,629,800,14 1317,656,1349,691,1 750,625,827,700,2 739,718,812,785,2 823,754,923,823,2 958,589,1021,672,2 1100,587,1184,670,2 1017,439,1092,514,2 1167,518,1236,614,8 1196,297,1263,368,8 1267,326,1324,403,8 1332,360,1407,430,8 840,503,911,576,8 1340,466,1472,579,0 850,572,971,695,4 1113,359,1201,472,10
data/images/frames_01508.jpg 574,696,693,812,14 1044,687,1073,718,1 1015,439,1079,522,2 961,600,1032,672,2 766,624,829,702,2 731,714,798,785,2 814,764,885,823,2 1232,403,1311,470,8 1188,312,1246,368,8 1259,330,1324,393,8 1034,624,1092,698,8 1357,466,1445,593,0 900,533,1000,645,4 1092,370,1221,478,10
data/images/frames_01509.jpg 576,718,689,825,14 1000,656,1031,695,1 766,696,837,756,2 817,758,883,821,2 967,595,1038,662,2 863,620,921,681,2 1023,439,1090,508,2 1224,418,1303,481,8 1194,305,1251,370,8 1253,316,1361,382,8 1349,464,1453,583,0 900,518,1021,610,4 1109,364,1207,476,10
data/images/frames_01510.jpg 579,712,693,839,14 996,672,1017,710,1 1009,439,1088,508,2 854,610,919,681,2 963,602,1031,668,2 769,691,829,764,2 829,762,887,825,2 1207,407,1290,472,8 1261,318,1317,391,8 1182,316,1261,370,8 1286,479,1449,579,0 913,518,1023,608,4 1107,366,1201,468,10
data/images/frames_01511.jpg 585,714,677,842,14 967,683,998,710,1 862,618,927,681,2 954,618,1023,672,2 1017,441,1084,506,2 931,695,1004,752,2 1240,401,1317,479,8 1180,309,1251,372,8 1265,318,1328,385,8 1353,464,1468,583,0 906,518,1013,620,4 1090,364,1213,456,10
data/images/frames_01512.jpg 570,862,647,938,14 969,758,1000,794,1 862,612,938,672,2 871,683,940,741,2 948,664,1013,741,2 973,591,1052,668,2 1240,403,1296,481,8 1267,320,1353,380,8 1182,312,1257,366,8 1342,472,1466,583,0 913,520,1023,614,4 1113,378,1203,470,10
data/images/frames_01513.jpg 564,858,662,942,14 963,754,998,794,1 854,668,929,748,2 888,620,969,687,2 959,593,1031,652,2 967,662,1044,721,2 1238,403,1315,468,8 1173,318,1248,366,8 1178,364,1253,416,8 1255,487,1466,589,0 956,485,1094,587,4 1054,395,1155,504,10
data/images/frames_01514.jpg 556,846,656,938,14 961,762,1006,789,1 875,668,950,741,2 958,602,1042,660,2 1054,606,1136,668,2 910,526,973,587,2 1236,414,1294,479,8 1188,364,1249,439,8 1173,316,1244,378,8 1330,472,1455,599,0 975,403,1057,503,4 1023,426,1146,518,10
data/images/frames_01515.jpg 570,769,718,902,14 954,764,1000,789,1 925,503,1002,564,2 986,673,1063,741,2 1115,549,1176,624,2 1232,410,1309,464,8 1182,359,1253,430,8 1184,311,1246,372,8 1345,460,1443,572,0 956,389,1061,479,4 1038,445,1128,572,10
data/images/frames_01516.jpg 664,700,819,831,14 1007,720,1044,756,1 921,501,988,568,2 998,656,1054,733,2 1100,551,1161,622,2 1224,403,1303,466,8 1176,362,1267,422,8 1176,326,1246,372,8 1305,468,1418,604,0 944,384,1056,472,4 1023,464,1109,574,10
data/images/frames_01517.jpg 835,616,944,741,14 919,506,1000,570,2 1096,549,1169,618,2 1000,666,1065,743,2 1211,403,1301,474,8 1196,362,1253,422,8 1190,312,1242,385,8 1388,433,1516,579,0 956,385,1057,483,4 1036,456,1115,564,10
data/images/frames_01518.jpg 648,672,785,817,14 1367,282,1395,326,1 931,493,1000,566,2 1107,549,1165,624,2 998,662,1067,748,2 1238,407,1307,464,8 1186,372,1253,447,8 1184,318,1269,372,8 1466,357,1584,464,0 940,387,1052,470,4 1025,456,1113,572,10
data/images/frames_01519.jpg 748,910,766,948,1 1215,403,1296,464,8 1184,357,1261,420,8 1180,312,1242,357,8 1363,263,1486,351,0 954,395,1048,478,4 1046,458,1115,487,10
data/images/frames_01520.jpg 754,706,877,802,14 768,915,794,948,1 923,503,1009,568,2 1119,545,1184,622,2 1226,405,1286,479,8 1169,374,1246,449,8 1342,186,1428,303,0 946,378,1054,455,4 1002,453,1107,572,10
data/images/frames_01521.jpg 817,579,923,731,14 1148,608,1192,648,1 913,503,983,570,2 1157,359,1248,433,8 1248,407,1330,466,8 1395,218,1520,343,0 950,385,1061,478,4 1011,466,1115,576,10
data/images/frames_01522.jpg 691,710,858,825,14 1397,401,1432,433,1 927,495,1004,564,2 1223,399,1299,474,8 1130,435,1221,495,8 1297,357,1409,472,0 938,382,1054,456,4 1015,449,1134,564,10
data/images/frames_01523.jpg 677,741,768,885,14 1249,351,1276,391,1 919,504,1021,577,2 1140,443,1207,503,8 1217,408,1294,470,8 1330,374,1474,485,0 931,382,1050,464,4 1021,468,1136,562,10
data/images/frames_01524.jpg 792,624,883,752,14 1036,405,1069,449,1 908,503,984,574,2 1148,443,1221,503,8 1313,241,1409,345,0 969,360,1046,462,4 1013,456,1123,572,10
data/images/frames_01525.jpg 752,712,887,840,14 1637,426,1668,470,1 908,503,1006,572,2 1150,449,1198,508,8 1541,49,1607,119,8 1334,247,1440,389,0 1061,366,1180,445,4
data/images/frames_01526.jpg 954,577,1015,706,14 1491,408,1514,451,1 910,512,1021,564,2 1451,147,1520,215,8 1555,49,1605,111,8 1612,38,1674,65,8 1146,447,1205,510,8 1539,197,1624,336,0 1082,341,1161,437,4
data/images/frames_01527.jpg 935,587,1044,702,14 1031,658,1061,681,1 908,510,1009,570,2 585,808,666,887,2 1340,230,1405,303,8 1461,134,1522,211,8 1514,72,1572,144,8 1607,26,1670,57,8 1136,451,1223,508,8 1438,280,1547,437,0 1073,341,1163,445,4
data/images/frames_01528.jpg 952,572,1071,698,14 1716,316,1745,357,1 969,464,1046,529,2 792,664,862,741,2 606,804,670,875,2 1209,320,1288,401,8 1347,226,1415,303,8 1430,172,1499,253,8 1530,88,1589,128,8 1576,44,1645,92,8 1345,380,1453,518,0 1128,357,1249,443,4
data/images/frames_01529.jpg 785,645,867,741,14 1637,503,1670,537,1 979,468,1067,535,2 979,545,1046,618,2 1224,297,1288,382,8 1297,349,1370,397,8 1269,226,1344,309,8 1407,163,1478,218,8 1478,117,1537,178,8 1578,19,1630,72,8 1559,274,1645,422,0 1115,355,1217,443,4
data/images/frames_01530.jpg 875,455,986,572,14 1547,255,1584,299,1 844,625,921,702,2 969,472,1025,541,2 1146,445,1219,518,2 1274,357,1338,422,8 1150,311,1219,364,8 1224,328,1286,391,8 1338,149,1405,201,8 1388,197,1443,264,8 1491,120,1560,176,8 1608,253,1714,360,0 1130,360,1226,441,4
data/images/frames_01531.jpg 821,503,917,610,14 1607,337,1633,368,1 973,476,1048,543,2 873,612,956,677,2 723,710,806,779,2 1228,399,1313,456,2 1036,514,1102,591,2 1171,293,1232,357,8 1236,314,1276,360,8 1276,360,1338,414,8 1324,157,1374,213,8 1401,188,1457,239,8 1457,215,1526,274,8 1459,295,1630,374,0 1138,349,1215,451,4
data/images/frames_01532.jpg 760,549,871,689,14 1464,449,1493,487,1 981,472,1057,531,2 988,533,1069,595,2 923,589,1000,662,2 739,696,829,756,2 1067,364,1150,435,2 1080,311,1157,372,2 1230,403,1311,449,2 1322,149,1378,215,8 1388,180,1441,251,8 1453,218,1509,288,8 1228,326,1276,368,8 1276,372,1322,424,8 1167,301,1228,364,8 1584,222,1668,366,0 1148,366,1226,449,4
data/images/frames_01533.jpg 660,654,769,791,14 1484,455,1507,493,1 856,501,925,566,2 933,570,1007,635,2 990,581,1061,670,2 672,846,744,913,2 670,787,748,840,2 744,741,823,812,2 746,652,831,744,2 1130,370,1215,441,8 1248,382,1326,460,8 1115,303,1194,357,8 936,466,984,547,8 1038,479,1121,547,8 1046,529,1104,602,8 1495,299,1591,430,0
data/images/frames_01534.jpg 691,687,789,831,14 1259,681,1292,725,1 835,501,908,572,2 1000,593,1065,689,2 743,825,848,894,2 650,794,735,852,2 777,650,856,710,2 1128,374,1188,447,8 1257,360,1338,426,8 1109,295,1188,362,8 935,476,992,537,8 986,533,1046,589,8 1054,531,1104,597,8 1478,311,1599,416,0
data/images/frames_01535.jpg 710,643,800,789,14 748,794,785,829,1 668,771,741,852,2 735,825,808,900,2 773,654,842,710,2 923,549,990,612,2 996,587,1054,658,2 840,510,906,606,2 1115,374,1184,453,8 1238,372,1322,453,8 1127,303,1186,370,8 915,483,998,537,8 1031,541,1130,595,8 1378,426,1486,537,0
data/images/frames_01536.jpg 554,737,689,854,14 1534,528,1560,564,1 842,493,910,577,2 929,549,1007,624,2 996,587,1080,672,2 773,645,848,725,2 723,737,817,806,2 758,829,837,904,2 664,766,739,842,2 913,489,988,554,8 1117,370,1211,433,8 1117,291,1184,355,8 1255,382,1328,445,8 1059,552,1130,604,8 1269,487,1376,589,0
data/images/frames_01537.jpg 372,844,545,948,14 1676,476,1703,510,1 754,639,823,706,2 746,817,850,908,2 986,602,1046,681,2 842,501,925,570,2 925,564,994,648,2 672,777,743,862,2 933,485,998,552,8 1052,543,1127,625,8 1130,374,1200,435,8 1253,368,1334,435,8 1115,301,1192,370,8 1319,508,1455,652,0
data/images/frames_01538.jpg 520,706,664,856,14 1023,620,1056,662,1 739,733,794,814,2 662,781,731,852,2 746,829,817,906,2 769,648,848,727,2 938,556,992,639,2 815,499,902,577,2 936,472,1007,549,8 1038,543,1111,608,8 1111,364,1192,449,8 1246,376,1311,451,8 1115,297,1194,360,8 1480,414,1574,556,0
data/images/frames_01539.jpg 589,685,679,837,14 1376,660,1407,698,1 835,504,908,572,2 931,554,1023,608,2 986,587,1048,656,2 762,645,850,714,2 739,729,815,810,2 754,831,842,898,2 670,777,739,848,2 933,460,1004,545,8 1061,531,1111,608,8 1140,374,1196,431,8 1249,376,1307,453,8 1127,311,1194,362,8 1299,487,1463,602,0
data/images/frames_01540.jpg 589,691,683,835,14 1031,579,1059,624,1 839,499,900,583,2 927,533,1004,612,2 752,647,823,718,2 733,743,800,815,2 746,831,815,910,2 666,783,729,852,2 1127,380,1198,435,8 1269,372,1345,426,8 1125,305,1192,368,8 1324,579,1430,698,0
data/images/frames_01541.jpg 397,792,562,923,14 1545,357,1576,397,1 842,570,929,645,2 902,614,986,679,2 908,679,992,743,2 994,414,1069,487,2 1111,526,1186,599,2 804,887,902,925,2 1123,376,1190,453,8 1121,301,1190,360,8 1253,374,1332,435,8 1368,503,1482,643,0
data/images/frames_01542.jpg 389,672,522,806,14 1307,408,1332,435,1 919,664,981,743,2 837,579,925,641,2 954,599,1031,666,2 959,702,1040,769,2 1067,387,1134,476,2 1134,443,1219,514,2 1215,408,1290,479,2 1119,288,1182,357,8 1136,372,1196,433,8 1261,359,1320,426,8 1407,414,1522,531,0
data/images/frames_01543.jpg 616,541,731,683,14 1061,385,1130,456,2 1130,435,1200,510,2 1123,612,1184,702,2 950,599,1023,666,2 854,581,946,641,2 910,675,992,756,2 1130,301,1200,360,8 1138,376,1188,430,8 1253,368,1349,428,8 1361,263,1484,391,0
data/images/frames_01544.jpg 691,589,800,741,14 1574,360,1601,395,1 846,574,921,662,2 948,599,1031,664,2 1130,627,1198,702,2 915,673,981,750,2 1150,437,1203,503,2 1138,311,1211,368,8 1119,374,1188,437,8 1253,368,1320,435,8 1399,259,1497,374,0
data/images/frames_01545.jpg 796,556,879,720,14 1365,531,1392,577,1 1165,420,1228,510,2 1123,622,1207,700,2 956,585,1031,664,2 913,670,988,741,2 854,574,925,635,2 1255,366,1324,460,8 1040,357,1092,410,8 1136,376,1209,433,8 1545,270,1651,376,0
data/images/frames_01546.jpg 583,577,723,695,14 1633,316,1666,345,1 871,566,958,641,2 986,585,1077,648,2 946,650,1029,716,2 1121,641,1194,704,2 1182,416,1236,478,2 1031,357,1100,441,8 1253,357,1344,435,8 1616,203,1706,311,0
data/images/frames_01547.jpg 773,516,892,666,14 1656,309,1687,349,1 950,524,1009,602,2 1004,581,1075,654,2 973,635,1034,706,2 1134,624,1198,700,2 1178,418,1230,514,2 1034,355,1096,441,8 1259,376,1328,455,8 1493,205,1618,311,0
data/images/frames_01548.jpg 827,604,946,685,14 1545,384,1576,418,1 958,537,1009,602,2 994,593,1088,648,2 963,648,1042,718,2 1119,633,1200,698,2 1259,391,1315,468,8 1038,353,1109,430,8 1482,311,1633,416,0 1622,32,1847,270,11
data/images/frames_01549.jpg 794,539,898,687,14 940,526,1007,610,2 996,587,1061,658,2 967,641,1044,714,2 1127,633,1196,704,2 1290,378,1359,445,2 1029,364,1102,433,8 1560,239,1655,391,0 1436,503,1464,554,1 1628,42,1829,234,11
data/images/frames_01550.jpg 923,510,1031,633,14 1455,387,1514,460,2 1115,620,1182,702,2 1011,577,1061,645,2 975,641,1044,718,2 1031,357,1148,416,8 1511,364,1635,470,0 1392,485,1422,522,1 1622,40,1835,249,11
data/images/frames_01551.jpg 737,568,854,679,14 1059,539,1123,612,2 1115,503,1176,577,2 1182,597,1288,660,2 1415,435,1530,554,0 1599,28,1820,253,11 1622,437,1649,476,1
data/images/frames_01552.jpg 1128,408,1200,470,2 1146,503,1224,556,2 1248,537,1338,593,2 1614,305,1689,437,0 1614,40,1822,241,11 1668,266,1689,307,1
data/images/frames_01553.jpg 1445,149,1507,224,8 1574,72,1626,126,8 1631,42,1683,90,8 1453,445,1572,570,0 1461,105,1724,449,11 1067,503,1148,572,2 1100,641,1169,723,2 1152,718,1224,794,2
data/images/frames_01554.jpg 1386,188,1461,274,8 1455,136,1522,226,8 1562,84,1630,134,8 1631,36,1714,90,8 1520,134,1580,195,8 1267,301,1347,397,8 1415,174,1662,520,11 969,572,1061,637,2 1027,702,1082,779,2 1107,712,1198,775,2
data/images/frames_01555.jpg 1188,424,1282,531,8 1292,309,1365,387,8 1344,222,1407,322,8 1455,172,1520,203,8 1526,105,1593,157,8 1660,42,1714,94,8 1416,174,1676,497,11 1152,576,1246,641,2 1192,645,1286,708,2
data/images/frames_01556.jpg 710,677,810,846,14 1180,474,1261,556,8 1286,472,1361,549,8 1290,362,1359,455,8 1340,257,1397,314,8 1424,192,1476,247,8 1543,122,1610,163,8 1432,176,1655,503,11 1175,562,1246,633,2 1219,625,1292,712,2 1633,243,1747,357,0
data/images/frames_01557.jpg 792,670,896,815,14 1234,501,1313,579,8 1332,364,1395,422,8 1313,297,1368,355,8 1428,195,1505,257,8 1397,172,1668,499,11 1215,641,1305,698,2 1614,405,1727,522,0
data/images/frames_01558.jpg 614,487,752,585,14 1073,341,1138,431,8 1096,278,1153,357,8 1140,239,1207,341,8 1186,201,1253,255,8 1146,172,1217,224,8 1265,74,1324,134,8 1372,3,1576,257,11 1388,257,1497,362,0
data/images/frames_01559.jpg 493,622,622,725,14 1157,182,1236,224,8 1027,243,1104,293,8 1040,295,1111,334,8 969,324,1040,395,8 935,380,1011,439,8 946,418,1007,493,8 1359,5,1560,253,11 1221,341,1345,464,0
data/images/frames_01560.jpg 263,696,393,804,14 769,491,842,587,8 785,470,858,539,8 825,412,900,503,8 894,391,979,445,8 900,349,965,397,8 1021,264,1100,326,8 1351,3,1576,259,11 501,627,585,698,2 328,781,431,867,2 147,873,253,969,2 1073,479,1217,610,0
data/images/frames_01561.jpg 24,666,170,773,14 1374,13,1568,239,11 216,863,312,954,2 19,986,94,1063,2 389,741,468,825,2 551,672,662,775,2 608,564,658,654,2 1054,476,1201,610,0 656,562,706,631,8 725,551,769,610,8 668,516,735,568,8 844,403,915,478,8 817,366,896,416,8 906,347,1007,414,8
data/images/frames_01562.jpg 407,576,503,733,14 566,829,645,921,2 647,819,752,881,2 362,975,447,1048,2 792,595,887,668,2 885,625,940,731,2 879,556,938,633,2 1117,541,1148,585,1 1165,564,1301,712,0 919,576,1000,641,8 942,524,1013,581,8 910,437,994,526,8 1084,357,1144,414,8 1104,387,1192,462,8 1175,355,1246,433,8
data/images/frames_01563.jpg 412,595,545,744,14 823,491,904,572,2 869,554,940,629,2 871,633,931,741,2 622,748,721,814,2 639,823,708,885,2 971,602,1013,650,1 1232,560,1407,673,0 1079,357,1142,433,8 1109,403,1184,474,8 1182,360,1253,433,8 952,512,1032,579,8 887,485,959,560,8 940,560,1017,616,8
data/images/frames_01564.jpg 420,691,545,810,14 804,545,892,599,2 877,562,950,635,2 869,627,954,696,2 620,748,725,817,2 650,829,739,877,2 892,564,923,602,1 1276,389,1390,556,0 877,485,935,564,8 946,503,1019,579,8 944,562,992,648,8 1077,360,1148,422,8 1096,403,1171,479,8 1171,347,1269,426,8
data/images/frames_01565.jpg 510,624,631,754,14 967,645,1000,687,1 1136,464,1338,564,0 1597,32,1812,226,11 639,735,720,817,2 648,823,775,877,2 871,616,958,698,2 808,518,877,629,2 881,564,952,616,2 879,491,942,564,8 961,497,1017,574,8 944,562,1000,635,8 1080,370,1153,420,8 1111,397,1186,455,8 1176,351,1242,426,8
data/images/frames_01566.jpg 595,652,696,756,14 1347,585,1376,618,1 1182,529,1355,647,0 815,518,871,597,2 883,579,959,654,2 625,756,696,817,2 635,831,721,887,2 708,802,792,885,2 869,493,950,547,8 935,549,1029,631,8 1077,366,1136,412,8 1102,401,1171,462,8 1142,328,1219,391,8
data/images/frames_01567.jpg 360,727,489,837,14 919,618,954,666,1 1244,456,1355,581,0 814,531,888,595,2 871,579,933,658,2 625,748,729,823,2 654,823,729,887,2 712,810,814,896,2 1086,407,1163,472,8 1080,353,1138,412,8 1098,295,1169,360,8 879,489,942,552,8 933,547,1002,624,8
data/images/frames_01568.jpg 456,622,558,781,14 1434,510,1468,549,1 1205,418,1320,566,0 812,522,881,589,2 896,587,956,654,2 631,748,727,821,2 645,825,718,885,2 706,817,789,892,2 883,491,936,541,8 940,545,1000,629,8 1090,357,1146,420,8 1094,311,1175,368,8 1113,397,1184,456,8
data/images/frames_01569.jpg 420,670,576,791,14 954,606,992,652,1 1255,495,1415,610,0 616,748,683,815,2 660,829,706,881,2 721,825,806,885,2 804,524,873,597,2 890,593,961,670,2 862,483,938,564,8 938,545,1011,614,8 1102,399,1171,460,8 1075,357,1134,430,8 1096,314,1165,372,8
data/images/frames_01570.jpg 495,549,602,664,14 1347,499,1386,533,1 1186,518,1299,648,0 631,748,702,814,2 650,817,720,881,2 727,794,804,888,2 906,576,1002,687,2 808,516,896,600,2 871,472,956,556,8 950,547,1011,625,8 1092,401,1159,476,8 1079,353,1146,426,8 1092,303,1169,372,8
data/images/frames_01571.jpg 533,541,662,677,14 1034,660,1065,702,1 1255,460,1388,574,0 633,748,725,817,2 652,827,720,887,2 720,817,773,879,2 819,514,879,589,2 892,576,965,672,2 1071,360,1150,422,8 1090,318,1173,364,8 1115,408,1200,464,8 869,493,938,547,8 938,547,1023,618,8
data/images/frames_01572.jpg 562,541,648,666,14 1090,689,1123,733,1 1288,522,1430,641,0 819,516,879,635,2 900,591,983,698,2 622,748,685,835,2 645,825,706,887,2 716,821,783,894,2 877,497,936,552,8 944,541,1023,618,8 1094,407,1163,460,8 1073,364,1140,418,8 1100,318,1169,378,8
data/images/frames_01573.jpg 545,564,631,679,14 1313,585,1340,618,1 1125,518,1207,677,0 825,510,900,570,2 900,577,954,698,2 647,754,708,814,2 633,819,708,879,2 718,806,796,896,2 1090,405,1165,464,8 1084,351,1138,424,8 1100,309,1171,364,8 863,474,927,539,8 929,539,992,599,8
data/images/frames_01574.jpg 424,635,549,777,14 1098,639,1121,679,1 1271,472,1409,587,0 639,748,723,819,2 654,817,714,896,2 712,817,769,890,2 906,587,954,658,2 1105,405,1188,455,8 1069,364,1146,418,8 1090,312,1161,366,8
data/images/frames_01575.jpg 497,739,624,898,14 1607,508,1631,533,1 1184,543,1315,710,0 779,624,856,695,2 837,681,915,777,2 746,863,842,923,2 1100,408,1182,456,8 1075,372,1150,414,8 1107,303,1153,364,8 1015,479,1090,564,2
data/images/frames_01576.jpg 422,754,564,887,14 1299,299,1324,334,1 1353,376,1491,493,0 1079,456,1150,551,2 833,587,910,656,2 862,637,948,702,2 892,689,952,781,2 1094,403,1159,472,8 1075,357,1138,420,8 1105,309,1161,362,8
data/images/frames_01577.jpg 620,595,760,733,14 1142,516,1173,551,1 1267,307,1428,422,0 810,585,879,652,2 854,635,913,693,2 917,668,984,743,2 1069,451,1125,539,2 1104,311,1180,378,8 1082,372,1161,428,8 1123,412,1188,456,8
data/images/frames_01578.jpg 825,458,923,593,14 1077,464,1111,501,1 1380,197,1466,389,0 808,587,888,647,2 856,625,938,698,2 911,687,990,752,2 1096,312,1167,380,8 1084,368,1127,430,8 1096,399,1169,481,8
data/images/frames_01579.jpg 727,543,831,641,14 1549,479,1580,520,1 1461,243,1551,387,0 831,585,908,647,2 871,627,950,691,2 915,681,988,752,2 1090,314,1163,360,8 1084,364,1130,420,8 1107,397,1194,466,8
data/images/frames_01580.jpg 808,449,900,599,14 735,708,764,756,1 1399,326,1532,464,0 823,583,883,654,2 850,633,911,696,2 913,668,983,750,2 1017,403,1075,456,8 1084,355,1140,424,8
data/images/frames_01581.jpg 597,608,720,704,14 975,737,1007,779,1 1261,401,1376,503,0 829,574,908,654,2 863,625,940,683,2 910,673,981,756,2 1004,403,1069,478,8 1082,355,1130,435,8
data/images/frames_01582.jpg 355,729,516,837,14 1416,556,1455,597,1 1353,443,1536,579,0 829,583,906,647,2 860,629,913,702,2 908,673,971,756,2 1002,399,1073,464,8 1090,366,1134,418,8
data/images/frames_01583.jpg 487,593,625,716,14 877,604,898,639,1 1422,449,1549,564,0 817,591,888,656,2 862,635,925,698,2 910,650,975,748,2 1002,395,1084,460,8 1065,357,1155,418,8 1545,21,1616,72,8
data/images/frames_01584.jpg 579,547,702,668,14 837,554,869,572,1 1205,479,1324,620,0 823,591,911,648,2 869,629,917,702,2 917,677,984,746,2 1009,378,1077,470,8 1075,366,1136,426,8 1455,86,1520,165,8 1551,19,1599,72,8
data/images/frames_01585.jpg 512,587,650,725,14 1484,472,1512,514,1 1203,487,1336,610,0 854,633,915,695,2 904,681,983,760,2 1011,395,1075,464,8 1084,355,1167,422,8 1367,180,1426,263,8 1453,90,1514,172,8 1516,34,1580,111,8
data/images/frames_01586.jpg 624,543,743,695,14 1230,556,1255,597,1 1359,385,1430,529,0 862,633,915,698,2 915,664,979,748,2 1079,362,1144,426,8 1244,276,1326,374,8 1353,182,1413,266,8 1430,111,1491,193,8 1522,23,1618,117,10
data/images/frames_01587.jpg 524,629,662,783,14 1509,533,1536,566,1 1512,345,1672,449,0 854,610,925,698,2 917,677,990,758,2 1434,103,1528,209,10 1324,207,1390,303,8 1238,274,1292,374,8 1125,393,1186,478,8 938,449,1027,526,8 1545,34,1610,74,8
data/images/frames_01588.jpg 497,677,629,787,14 1368,468,1516,600,0 842,627,931,702,2 904,679,971,756,2 860,479,931,577,8 961,501,1025,595,8 1102,382,1157,470,8 1194,311,1255,399,8 1461,111,1520,149,8 1507,65,1562,105,8 1553,34,1630,72,8 1322,199,1420,301,10 416,933,483,1032,2
data/images/frames_01589.jpg 535,637,631,781,14 1368,687,1399,723,1 1173,514,1397,650,0 854,627,923,702,2 915,673,973,764,2 1184,286,1292,387,10 1050,403,1123,499,10 921,470,1007,554,10 921,556,988,639,10 1351,211,1428,261,10 1388,145,1470,195,10 1468,97,1530,151,10 616,746,685,846,2 455,888,528,986,2 278,1034,339,1073,2
data/images/frames_01590.jpg 293,771,456,887,14 933,714,969,748,1 1353,593,1507,729,0 863,554,935,627,8 935,551,992,637,8 961,524,1044,581,8 1251,324,1324,376,8 1299,247,1361,305,8 1363,188,1426,247,8 501,860,577,950,2 648,729,716,814,2 773,721,871,777,2 854,631,915,706,2 919,679,986,754,2 1050,385,1150,512,10
data/images/frames_01591.jpg 892,748,923,787,1 435,654,543,779,14 1353,602,1491,720,0 931,591,990,654,8 992,618,1061,673,8 827,583,906,652,8 1171,426,1242,487,8 1207,374,1274,430,8 1280,311,1351,370,8 700,720,769,800,2 835,643,902,708,2 860,687,906,769,2 908,672,959,756,2 339,986,416,1071,2 952,470,1046,579,10
data/images/frames_01592.jpg 952,725,981,768,1 328,687,491,812,14 1263,518,1367,639,0 696,593,771,677,8 1000,593,1065,670,8 1128,393,1215,453,8 1171,445,1228,524,8 1226,447,1294,510,8 431,883,524,961,2 357,969,470,1046,2 769,616,846,689,2 900,679,988,758,2 954,478,1069,595,10 877,572,931,662,2 600,714,712,835,4
data/images/frames_01593.jpg 1155,792,1192,837,1 414,689,493,779,14 1219,549,1330,666,0 925,570,1000,641,8 998,599,1056,662,8 695,602,804,720,8 1121,407,1200,456,8 1180,439,1248,499,8 1215,455,1280,516,8 971,656,1052,731,2 867,612,931,700,2 865,524,954,585,2 441,869,510,956,2 389,948,466,1019,2 437,1007,510,1073,2 604,721,708,827,4 958,470,1057,579,10
data/images/frames_01594.jpg 1384,720,1411,760,1 255,744,384,881,14 1169,645,1309,771,0 695,645,760,733,8 946,585,1004,639,8 998,585,1071,660,8 1115,385,1184,464,8 1157,431,1228,520,8 1238,451,1315,528,8 877,589,938,681,2 846,470,923,591,2 969,658,1080,754,2 439,854,539,954,2 374,944,462,1023,2 435,1011,528,1077,2 600,708,704,839,4 954,495,1077,585,10
data/images/frames_01595.jpg 1274,510,1311,551,1 399,416,524,531,14 1307,347,1445,443,0 1105,145,1182,213,8 1146,178,1223,247,8 1200,201,1255,272,8 952,309,1044,376,8 599,508,668,570,2 537,570,610,624,2 583,576,647,645,2 848,264,921,324,2 887,322,948,374,2 952,374,1031,430,2 708,374,815,481,4 958,228,1061,309,10
data/images/frames_01596.jpg 1363,357,1388,395,1 487,370,583,499,14 1152,370,1313,455,0 990,301,1046,359,8 1107,155,1155,222,8 1138,190,1190,255,8 1205,211,1253,278,8 616,481,685,539,2 693,503,769,566,2 666,551,727,629,2 894,322,959,378,2 961,368,1044,437,2 869,259,923,334,2 739,345,842,449,4 950,224,1061,311,10
data/images/frames_01597.jpg 1211,401,1238,447,1 382,441,493,591,14 1322,238,1432,370,0 979,312,1048,378,8 1094,163,1159,224,8 1134,178,1194,247,8 1205,195,1274,270,8 616,470,670,541,2 685,508,746,562,2 654,560,716,616,2 948,378,1029,431,2 867,324,933,372,2 877,263,933,324,2 746,341,839,439,4 944,226,1057,301,10
data/images/frames_01598.jpg 1447,280,1488,311,1 501,410,610,552,14 1278,264,1368,401,0 946,311,1054,384,8 1115,151,1186,220,8 1150,186,1219,255,8 1203,201,1251,272,8 627,479,708,537,2 700,501,766,572,2 664,547,729,618,2 873,268,942,324,2 862,316,944,401,2 958,362,1025,437,2 744,359,846,449,4 952,234,1059,309,10
data/images/frames_01599.jpg 806,549,837,595,1 535,410,616,541,14 1261,286,1395,387,0 927,288,981,360,8 975,312,1040,382,8 1105,167,1165,218,8 1138,188,1192,261,8 1198,215,1261,278,8 624,483,685,539,2 700,497,769,566,2 658,552,744,622,2 831,259,917,322,2 873,314,942,380,2 963,359,1019,430,2 752,341,844,428,4 935,226,1059,311,10
data/images/frames_01600.jpg 835,464,869,499,1 422,478,551,593,14 1123,395,1207,510,0 1098,163,1167,224,8 1134,201,1203,257,8 1207,209,1276,263,8 977,316,1042,374,8 706,437,777,485,2 658,503,739,574,2 752,526,819,597,2 869,259,938,324,2 869,324,952,401,2 1011,355,1082,412,2 746,347,844,435,4 938,238,1065,316,10
data/images/frames_01601.jpg 1253,391,1284,433,1 508,449,643,551,14 1079,395,1213,510,0 1084,167,1159,220,8 1138,193,1201,247,8 1207,209,1249,270,8 988,312,1069,382,8 710,431,800,487,2 698,501,768,570,2 789,485,854,564,2 752,347,839,435,4 958,216,1059,309,10
data/images/frames_01602.jpg 1017,326,1056,364,1 556,408,668,551,14 1290,297,1353,433,0 1090,168,1152,224,8 1138,207,1194,261,8 1200,207,1284,274,8 689,503,775,566,2 791,501,844,572,2 716,437,779,485,2 1169,268,1221,332,2 735,353,844,437,4 944,228,1056,312,10
data/images/frames_01603.jpg 1196,297,1232,343,1 577,405,677,556,14 1203,236,1294,330,0 1100,174,1157,222,8 1155,201,1207,263,8 714,431,789,493,2 677,495,743,576,2 783,497,844,574,2 750,345,846,441,4 946,224,1048,339,10
data/images/frames_01604.jpg 1276,301,1299,330,1 577,395,670,537,14 1223,222,1315,345,0 1038,201,1094,270,8 1063,239,1125,301,8 798,420,856,501,8 1200,220,1269,263,8 723,420,789,497,2 679,501,769,570,2 785,499,856,566,2 1171,266,1221,330,2 754,347,840,445,4 938,230,1048,316,10
data/images/frames_01605.jpg 1610,483,1635,520,1 528,731,647,879,14 1255,493,1432,610,0 1032,455,1098,516,8 1079,503,1153,577,8 1236,449,1301,512,8 675,744,737,804,2 700,819,769,883,2 764,829,815,913,2 1184,531,1261,600,2 698,639,827,746,4 954,481,1054,577,10
data/images/frames_01606.jpg 1269,574,1299,618,1 535,739,645,908,14 1457,414,1566,558,0 1032,464,1096,520,8 1084,506,1144,574,8 1230,458,1297,524,8 673,746,741,810,2 693,819,758,883,2 769,831,833,898,2 1200,526,1253,604,2 720,633,837,737,4 954,478,1061,589,10
data/images/frames_01607.jpg 1238,599,1278,639,1 600,704,723,862,14 1393,466,1537,587,0 1048,428,1117,510,8 1079,499,1155,568,8 1224,460,1297,522,8 729,721,819,792,2 792,748,854,808,2 827,771,888,837,2 867,570,954,685,4
data/images/frames_01608.jpg 1380,687,1403,725,1 608,664,727,825,14 1368,499,1495,624,0 1052,470,1109,514,8 1082,503,1188,577,8 1232,455,1311,512,8 729,721,785,785,2 798,716,867,792,2 835,764,902,835,2 865,568,965,685,4
data/images/frames_01609.jpg 1246,802,1271,840,1 616,672,729,831,14 1361,577,1478,685,0 1019,456,1096,535,8 1077,516,1146,577,8 1215,451,1292,531,8 727,721,810,789,2 806,706,894,794,2 827,758,921,833,2 862,577,961,673,4
data/images/frames_01610.jpg 1079,825,1107,875,1 604,672,725,833,14 1368,627,1482,752,0 1025,439,1115,518,8 1023,528,1107,608,8 1213,449,1292,539,8 733,712,810,789,2 796,716,846,785,2 819,760,885,844,2 854,577,965,683,4
data/images/frames_01611.jpg 1580,648,1607,679,1 501,721,681,831,14 1228,679,1353,825,0 1224,456,1305,524,8 758,624,848,693,2 798,721,873,800,2 839,756,902,835,2 923,543,1025,647,4
data/images/frames_01612.jpg 1518,337,1547,380,1 1420,549,1534,666,0 1226,464,1296,547,8 933,620,1031,681,2 984,670,1071,729,2 984,746,1075,806,2 1105,543,1234,624,4
data/images/frames_01613.jpg 1733,276,1760,312,1 562,689,677,840,14 1495,387,1603,512,0 1226,462,1296,535,8 1568,24,1614,80,8 952,610,1038,677,2 969,654,1061,723,2 990,731,1067,819,2 1123,533,1198,639,4
data/images/frames_01614.jpg 1382,541,1413,587,1 435,775,556,917,14 1393,408,1518,552,0 1242,197,1326,291,8 952,631,1048,685,8 1355,109,1418,190,8 1447,51,1495,107,8 641,808,750,879,2 792,712,915,825,4
data/images/frames_01615.jpg 1359,476,1395,503,1 479,787,577,888,14 1376,416,1459,518,0 1415,65,1601,393,11 1130,305,1201,387,8 1248,195,1330,288,8 1332,119,1395,228,8 1430,88,1476,140,8 693,748,762,831,2 720,815,794,892,2 764,892,802,919,2 867,658,981,779,4
data/images/frames_01616.jpg 1338,549,1370,579,1 389,727,518,863,14 1424,312,1526,451,0 1395,72,1591,364,11 1007,428,1096,518,8 1134,309,1192,399,8 1215,230,1284,318,8 1303,168,1368,226,8 1395,105,1464,157,8 794,618,869,693,2 791,754,867,810,2 854,716,906,775,2 984,522,1067,629,4
data/images/frames_01617.jpg 1107,610,1132,645,1 516,629,668,754,14 1349,407,1470,501,0 1415,69,1601,385,11 1040,466,1123,535,8 1117,359,1198,439,8 1182,257,1257,312,8 1288,182,1347,243,8 1376,117,1449,167,8 961,478,1046,526,8 802,608,887,681,2 840,710,921,789,2 875,773,931,863,2 961,526,1069,635,4
data/images/frames_01618.jpg 1096,610,1117,652,1 535,633,643,764,14 1317,403,1480,522,0 1397,72,1595,364,11 956,401,1032,491,8 986,483,1056,552,8 1063,462,1113,554,8 1140,295,1211,378,8 1134,224,1217,293,8 1259,209,1336,270,8 796,614,892,689,2 850,706,917,781,2 867,787,925,863,2 967,539,1077,631,4
data/images/frames_01619.jpg 1092,648,1127,687,1 531,633,633,750,14 1319,487,1424,589,0 1401,86,1622,370,11 1084,268,1153,353,8 1150,280,1221,357,8 1215,311,1294,370,8 1061,437,1123,564,8 887,479,984,551,8 800,622,854,689,2 846,714,904,791,2 865,791,931,875,2 986,526,1063,631,4
data/images/frames_01620.jpg 1230,672,1253,712,1 524,622,633,771,14 1301,474,1445,593,0 1357,74,1616,416,11 1036,472,1115,570,8 1088,274,1157,337,8 1138,307,1192,357,8 1192,324,1253,393,8 900,624,967,708,8 800,624,906,693,2 846,714,915,777,2 856,777,948,856,2 497,833,566,923,2 301,950,376,1057,2
data/images/frames_01621.jpg 1476,652,1514,687,1 533,633,627,764,14 1284,512,1376,627,0 1395,72,1614,385,11 992,357,1067,424,8 1071,378,1121,435,8 1100,412,1153,478,8 971,641,1054,735,8 908,677,977,754,8 332,929,399,1040,2 537,806,610,906,2 716,718,781,800,2 839,716,913,787,2 862,794,923,863,2 789,624,867,685,2
data/images/frames_01622.jpg 831,771,860,817,1 493,639,658,766,14 1351,549,1507,679,0 1388,71,1607,378,11 979,416,1040,474,8 1038,403,1094,472,8 1092,424,1153,493,8 910,668,961,748,8 954,693,1006,802,8 808,631,883,689,2 846,712,925,779,2 869,781,938,858,2 562,796,637,900,2 364,929,455,1007,2
data/images/frames_01623.jpg 1207,700,1240,746,1 524,627,620,762,14 1242,645,1345,769,0 1407,74,1608,374,11 967,455,1040,539,8 1013,378,1086,458,8 1090,424,1153,508,8 887,662,958,758,8 958,706,1021,810,8 216,1021,291,1077,2 414,885,489,959,2 497,848,577,910,2 775,831,856,915,2 911,839,986,925,2 869,777,961,852,2 779,673,848,746,2 802,614,892,677,2 839,700,917,783,2
data/images/frames_01624.jpg 1219,597,1249,624,1 318,689,462,802,14 1297,510,1397,672,0 1397,71,1616,368,11 969,445,1042,518,8 1015,416,1084,495,8 1084,399,1182,478,8 936,729,1031,792,8 894,681,969,754,8 441,888,512,952,2 495,752,585,823,2 483,833,568,896,2 794,606,860,679,2 764,679,839,754,2 844,725,911,783,2 860,792,919,854,2 938,804,1034,877,2
data/images/frames_01625.jpg 885,741,917,781,1 343,683,472,840,14 1213,549,1338,658,0 1376,65,1630,374,11 969,449,1025,531,8 1025,424,1096,487,8 1054,472,1115,539,8 946,739,1015,802,8 514,760,602,823,2 487,842,597,898,2 541,888,616,961,2 812,616,877,681,2 856,781,935,856,2 950,800,1027,911,2 844,710,904,771,2
data/images/frames_01626.jpg 1167,710,1192,754,1 439,683,529,808,14 1023,604,1182,712,0 1403,55,1622,382,11 969,455,1038,512,8 1021,430,1082,489,8 1021,485,1107,554,8 520,762,624,835,2 491,846,593,904,2 543,892,610,946,2 794,606,890,687,2 856,781,927,856,2 952,798,1017,877,2
data/images/frames_01627.jpg 892,748,923,785,1 288,702,453,862,14 1163,512,1248,681,0 1405,72,1622,378,11 967,453,1027,516,8 1025,431,1082,487,8 1000,501,1077,556,8 961,710,1021,785,8 800,616,862,693,2 850,714,921,785,2 850,792,927,856,2 936,792,1032,869,2 497,754,593,827,2 487,840,560,904,2 549,892,652,938,2
data/images/frames_01628.jpg 1466,658,1499,700,1 418,687,539,815,14 1203,579,1322,733,0 1392,74,1614,364,11 969,447,1023,524,8 1013,435,1082,489,8 804,620,888,683,2 817,737,908,800,2 862,789,946,854,2 946,789,1015,869,2 479,831,593,904,2 508,762,610,823,2 539,881,608,942,2
data/images/frames_01629.jpg 1374,599,1401,631,1 372,673,506,817,14 1330,610,1499,727,0 1384,69,1610,366,11 975,441,1025,531,8 1021,433,1090,487,8 656,681,721,746,2 658,733,720,815,2 731,775,808,846,2 815,612,894,689,2 862,775,933,856,2 969,599,1061,691,2 1027,512,1098,600,2 1144,718,1238,800,2
data/images/frames_01630.jpg 1520,387,1551,428,1 595,577,704,704,14 1361,493,1457,625,0 1420,63,1620,387,11 954,447,1029,514,8 1023,430,1075,493,8 1007,495,1096,574,8 700,631,769,698,2 796,608,862,691,2 762,700,852,756,2 777,748,867,817,2 894,720,973,806,2 1036,566,1140,656,2 1148,591,1244,683,2
data/images/frames_01631.jpg 1059,762,1092,810,1 720,518,810,645,14 1434,370,1539,479,0 1390,65,1608,374,11 969,456,1027,520,8 1029,487,1088,560,8 1013,422,1082,483,8 704,622,794,689,2 804,599,887,681,2 754,693,852,766,2 777,752,850,815,2 896,708,977,802,2 1077,541,1182,624,2
data/images/frames_01632.jpg 1176,700,1203,739,1 716,514,833,648,14 1570,257,1651,374,0 1392,76,1607,385,11 969,455,1032,516,8 1029,424,1069,497,8 1069,468,1121,535,8 706,637,804,693,2 760,685,848,766,2 791,739,863,817,2 906,696,981,796,2 1109,431,1198,508,2
data/images/frames_01633.jpg 792,917,823,952,1 1585,172,1697,280,0 1409,80,1624,401,11 967,441,1031,510,8 1238,416,1315,478,2
data/images/frames_01634.jpg 823,925,860,952,1 710,506,810,641,14 1593,203,1697,322,0 1403,69,1607,376,11 961,455,1034,529,8 718,629,791,693,2 769,691,831,760,2 791,739,850,829,2 900,721,965,800,2 1449,372,1522,455,2
data/images/frames_01635.jpg 1488,437,1514,470,1 720,506,808,641,14 1570,249,1727,372,0 1399,69,1614,372,11 716,635,806,693,2 762,693,846,762,2 789,729,877,815,2 896,698,969,796,2 1445,376,1541,460,2
data/images/frames_01636.jpg 1685,272,1712,307,1 650,547,766,650,14 1537,282,1668,407,0 1376,72,1614,410,11 854,554,921,618,2 913,539,984,602,2 1015,547,1084,618,2 904,587,973,666,2
data/images/frames_01637.jpg 1007,518,1034,560,1 785,445,929,572,14 1568,293,1704,391,0 1411,71,1612,384,11 988,416,1061,485,2 1057,412,1127,470,2 1015,456,1092,531,2 1132,433,1232,497,2
data/images/frames_01638.jpg 1390,458,1415,501,1 741,531,869,627,14 1564,272,1662,405,0 1399,76,1614,364,11 1107,393,1198,447,2 1065,424,1153,481,2 1134,455,1232,508,2 1161,478,1224,547,2
data/images/frames_01639.jpg 1282,503,1319,547,1 737,539,846,691,14 1637,195,1741,314,0 1399,92,1603,359,11 1157,470,1248,539,2
data/images/frames_01640.jpg 1169,503,1200,533,1 721,631,825,725,14 1683,149,1793,263,0 1399,94,1616,364,11 1150,466,1251,541,2
data/images/frames_01641.jpg 1261,587,1292,637,1 852,472,963,595,14 1620,230,1731,328,0 1399,88,1603,380,11
data/images/frames_01642.jpg 1067,645,1098,681,1 689,647,792,718,14 1545,270,1662,401,0 1407,46,1614,376,11
data/images/frames_01643.jpg 913,695,940,733,1 514,702,660,800,14 1395,347,1507,495,0 1409,69,1626,387,11 1368,96,1430,178,8
data/images/frames_01644.jpg 1378,514,1416,556,1 1238,435,1382,572,0 1413,59,1618,380,11 1253,201,1328,284,8 1359,115,1422,178,8 1438,48,1501,107,8
data/images/frames_01645.jpg 1303,543,1330,587,1 1336,408,1491,520,0 1405,78,1622,372,11 1138,305,1200,393,8 1251,201,1315,282,8 1324,132,1386,209,8
data/images/frames_01646.jpg 1224,320,1248,357,1 1213,236,1307,355,0 1345,19,1520,190,11 990,195,1065,282,8 1123,107,1182,186,8 1192,48,1257,117,8
data/images/frames_01647.jpg 1077,414,1107,453,1 1094,280,1217,370,0 846,288,923,380,8 990,190,1063,289,8 1084,132,1146,215,8 1196,63,1261,117,8 1253,17,1322,63,8
data/images/frames_01648.jpg 293,779,324,829,1 1271,357,1351,479,0 1603,26,1800,195,11 1021,393,1090,493,8 1153,297,1215,378,8 1251,218,1305,307,8 1365,157,1428,195,8 1432,94,1489,149,8 1530,13,1580,55,8
data/images/frames_01649.jpg 873,526,946,610,8 1023,395,1084,487,8 1113,316,1176,408,8 1249,239,1319,295,8 1309,186,1382,247,8 1430,84,1499,136,8 334,890,424,992,2 524,789,608,892,2 718,648,775,729,2 1234,408,1330,547,0 1322,518,1355,574,1 153,762,289,915,14