data/images/frames_01349.jpg 591,716,627,771,81 1315,460,1384,537,82 1392,447,1457,539,82 1468,485,1543,547,82 1013,528,1082,593,88 1090,589,1173,654,88 1200,627,1271,702,88 1086,670,1176,791,88 944,731,1077,839,90 839,804,898,887,88 890,898,984,927,88 1054,301,1271,512,86 539,624,677,716,86 1213,792,1384,927,86
data/images/frames_01350.jpg 1228,823,1345,921,95 612,504,737,664,94 1054,297,1261,526,86 1311,455,1382,524,82 1397,447,1468,508,82 1392,514,1459,574,82 979,600,1056,675,88 1098,608,1161,664,88 1092,679,1153,733,88 1155,720,1209,783,88 835,802,904,887,88 881,902,948,927,88 1165,658,1261,720,82 935,727,1090,825,90
data/images/frames_01351.jpg 956,739,1071,831,90 917,700,977,756,88 1067,693,1123,729,88 823,808,894,888,88 892,900,979,929,88 1142,627,1221,708,88 1309,456,1382,531,82 1407,456,1455,531,82 1284,549,1395,616,82 1163,804,1246,892,82 639,428,773,562,94 1086,727,1196,806,95 716,514,760,568,81
data/images/frames_01352.jpg 1063,720,1104,777,81 1324,458,1380,531,82 1403,449,1457,520,82 1311,543,1367,612,82 1246,504,1315,579,88 911,700,973,781,88 833,823,931,881,88 881,911,946,929,88 977,743,1059,852,90 670,424,771,535,94 1009,654,1100,727,95
data/images/frames_01353.jpg 954,635,1119,760,95 639,401,791,528,94 1286,535,1365,622,82 1317,455,1384,526,82 1397,453,1478,518,82 829,814,942,896,88 883,902,933,927,88 1061,620,1127,673,88 1138,606,1217,704,88 654,815,700,873,81 1032,305,1263,566,86 967,743,1065,850,90
data/images/frames_01354.jpg 979,739,1057,850,90 1276,479,1336,551,82 1395,453,1464,531,82 1286,552,1393,612,82 810,814,898,890,88 892,896,959,935,88 1094,666,1165,758,88 1127,604,1198,689,88 1061,743,1092,802,81 599,610,718,725,94 994,650,1094,739,95 1046,307,1251,543,86
data/images/frames_01355.jpg 1032,299,1269,556,86 1056,743,1102,804,81 1395,451,1457,520,82 1276,489,1361,543,82 1280,547,1372,625,82 825,815,921,888,88 894,906,967,935,88 1117,681,1209,756,88 1211,612,1317,716,88 587,652,679,779,94 1007,658,1109,737,95
data/images/frames_01356.jpg 1013,664,1104,768,95 572,650,679,789,94 1050,731,1090,791,81 1386,451,1470,512,82 1269,495,1342,551,82 1294,558,1361,622,82 833,812,910,890,88 881,906,935,931,88 1107,698,1157,768,88 1171,698,1255,775,88 965,756,1067,858,90 1029,297,1261,558,86
data/images/frames_01357.jpg 1031,305,1255,549,86 1163,752,1209,812,81 1397,451,1463,531,82 1276,491,1338,547,82 1301,554,1390,616,82 627,785,746,860,82 808,819,896,883,88 887,902,938,931,88 1107,685,1171,756,88 954,735,1079,831,90 599,608,756,739,94 1186,687,1261,779,95
data/images/frames_01358.jpg 1207,729,1320,858,95 693,612,775,702,94 852,821,940,877,88 848,888,942,929,88 1148,597,1211,683,88 1221,616,1303,698,88 963,673,1073,785,90 1393,443,1466,522,82 1288,491,1363,529,82 1299,552,1361,614,82 1138,685,1184,737,81 648,783,725,852,82 1038,297,1261,562,86
data/images/frames_01359.jpg 1013,297,1274,528,86 1393,455,1478,510,82 1276,497,1345,543,82 1297,564,1386,612,82 1305,520,1334,566,81 981,810,1059,892,88 850,819,935,887,88 760,877,833,923,88 1238,637,1324,704,88 1228,551,1290,624,88 944,625,1056,760,90 681,591,800,712,94 1196,720,1342,863,95 650,735,733,831,82
data/images/frames_01360.jpg 1294,535,1363,620,82 1278,481,1334,539,82 1397,458,1464,514,82 1086,756,1173,827,88 944,833,1052,888,88 702,652,777,737,88 1224,554,1282,635,88 1015,650,1153,750,90 1322,558,1361,616,81 1386,514,1455,599,88 833,528,938,668,94 1201,720,1340,860,95 1046,293,1249,524,86
data/images/frames_01361.jpg 1054,297,1274,543,86 1395,449,1468,520,82 1445,478,1472,524,81 931,506,1046,658,94 1203,712,1336,865,95 1073,752,1152,823,88 983,821,1061,894,88 702,681,754,743,88 1230,554,1299,631,88 1086,641,1219,743,90
data/images/frames_01362.jpg 1113,643,1205,756,90 1163,744,1223,827,88 979,819,1071,896,88 702,675,773,744,88 1294,481,1376,560,88 1384,535,1438,610,88 954,506,1054,641,94 1236,720,1336,858,95 1050,297,1278,554,86 1175,508,1209,552,81
data/images/frames_01363.jpg 1088,491,1128,554,81
data/images/frames_01364.jpg 1386,426,1430,481,81 981,800,1048,902,88 695,679,758,731,88 1161,739,1224,814,88 1265,552,1351,622,88 1280,478,1338,551,88 1130,637,1211,756,90 948,495,1050,637,94 1223,704,1347,860,95 1050,293,1248,533,86
data/images/frames_01365.jpg 566,537,606,597,81 441,827,504,890,88 631,752,691,814,88 180,681,272,737,88 581,695,700,743,90 698,727,823,856,95
data/images/frames_01366.jpg 570,541,602,593,81 441,819,497,896,88 633,744,693,817,88 184,675,255,735,88 581,698,700,754,90 693,716,829,865,95
data/images/frames_01367.jpg 570,535,602,591,81 443,814,518,894,88 631,746,695,817,88 188,679,245,727,88 587,696,700,748,90 689,718,825,863,95
data/images/frames_01368.jpg 871,821,938,904,88 579,679,691,744,88 1050,743,1107,825,88 1155,552,1272,631,88 1171,499,1259,551,88 1006,643,1117,750,90 854,503,931,643,94 1104,723,1234,863,95 954,291,1161,518,86
data/images/frames_01369.jpg 933,516,967,562,81 593,677,656,739,88 867,812,948,904,88 1054,750,1115,823,88 1161,551,1251,629,88 1186,493,1271,551,88 1007,641,1094,754,90 842,508,931,633,94 1115,718,1238,869,95 944,293,1165,556,86
data/images/frames_01370.jpg 935,512,969,566,81 589,672,654,739,88 860,819,931,883,88 1054,743,1115,821,88 1159,554,1255,631,88 1184,493,1297,545,88 1013,641,1105,750,90 842,497,935,648,94 923,288,1184,568,86
data/images/frames_01371.jpg 1363,393,1393,435,81 733,604,808,673,88 977,681,1073,758,88 1207,687,1286,758,88 1317,464,1397,541,88 1326,422,1399,468,88 1176,591,1292,689,90 852,503,959,654,94
data/images/frames_01372.jpg 543,783,618,852,88 791,727,871,789,88 979,735,1069,804,88 1127,491,1201,564,88 1175,441,1238,510,88 969,614,1075,714,90 662,631,777,804,94 1236,180,1309,247,82 1309,57,1378,140,82 1457,3,1622,226,85
data/images/frames_01373.jpg 971,543,1007,589,81 840,785,933,863,88 833,867,938,927,88 986,539,1063,600,88 1006,476,1098,541,88 921,635,1031,748,90 645,660,777,814,94 1111,380,1184,449,82 1146,190,1223,266,82 1714,512,1806,600,82 1311,57,1530,359,85 1025,7,1192,142,85
data/images/frames_01374.jpg 1065,491,1107,529,81 768,804,858,906,88 854,789,915,865,88 925,815,1000,904,88 963,535,1025,597,88 1013,487,1094,562,88 942,639,1029,739,90 754,587,839,723,94 1057,366,1109,451,82 1109,422,1165,512,82 1013,437,1080,508,82 1714,545,1845,637,82 1733,758,1822,810,82 1121,188,1230,314,84 1345,34,1516,362,85 1036,9,1182,153,85
data/images/frames_01375.jpg 959,481,990,531,81 787,748,850,825,88 867,789,910,860,88 933,827,1002,900,88 956,537,1025,597,88 1031,510,1094,558,88 938,631,1031,744,90 746,585,883,731,94 1092,261,1180,312,82 1710,600,1818,702,82 1077,303,1165,410,84 1326,49,1524,349,85 1052,7,1186,140,85 1276,11,1618,159,87
data/images/frames_01376.jpg 986,516,1017,564,81 787,748,856,814,88 869,787,921,858,88 933,823,994,896,88 958,537,1017,604,88 931,631,1029,733,90 768,574,837,735,94 1021,241,1096,303,82 1071,288,1115,343,82 1716,455,1831,535,82 952,431,1015,518,82 1029,489,1125,581,82 1706,604,1814,743,84 1036,351,1130,458,84 1328,53,1551,368,85 1040,5,1203,149,85 1276,11,1618,157,87
data/images/frames_01377.jpg 1044,579,1088,627,81 794,750,862,812,88 867,796,925,862,88 940,827,1000,892,88 1034,792,1119,873,88 752,848,844,919,88 915,631,1019,752,90 762,589,833,716,94 977,311,1044,380,82 1052,332,1123,403,82 1138,355,1215,414,82 1703,685,1818,764,82 913,430,1059,541,84 1326,46,1526,349,85 1025,1,1198,142,85 1265,9,1607,159,87
data/images/frames_01378.jpg 1029,587,1067,635,81 695,741,777,814,88 794,743,856,837,88 863,792,919,867,88 929,827,996,910,88 1013,840,1090,913,88 1046,587,1111,662,88 946,600,1034,706,90 741,595,850,720,94 975,330,1038,405,82 1046,353,1111,412,82 1138,357,1203,439,82 1714,545,1827,622,82 1720,739,1820,806,82 869,441,961,581,84 1359,42,1539,370,85 1061,11,1192,145,85
data/images/frames_01379.jpg 923,535,958,591,81 729,823,804,911,88 791,743,846,815,88 858,789,917,858,88 929,827,990,900,88 1163,599,1251,683,88 800,549,875,602,88 1054,497,1146,618,90 750,585,844,718,94 975,326,1052,408,82 1057,353,1121,431,82 1144,349,1205,447,82 871,468,977,572,84 1332,34,1518,355,85 1044,5,1203,151,85
data/images/frames_01380.jpg 1013,426,1056,474,81 574,758,639,831,88 652,815,723,865,88 733,837,794,908,88 808,752,850,825,88 863,789,927,865,88 935,829,1002,894,88 961,547,1009,612,88 1002,499,1052,568,88 804,535,883,627,88 1038,528,1157,648,90 760,595,852,725,94 981,311,1054,389,82 1061,324,1117,410,82 1140,341,1230,420,82 1436,693,1543,787,82 837,462,969,549,84 1336,44,1545,364,85 1046,3,1194,138,85 1276,11,1612,142,87
data/images/frames_01381.jpg 1025,453,1063,504,81 700,639,752,718,88 702,576,771,645,88 837,639,915,708,88 983,725,1059,785,88 927,817,1002,898,88 1002,892,1061,929,88 1175,606,1257,673,88 935,407,1000,478,88 1050,420,1115,487,88 760,587,835,718,94 946,357,1019,422,82 1036,378,1107,441,82 1102,385,1163,449,82 1330,666,1449,764,82 1322,44,1555,355,85 1042,7,1203,151,85
data/images/frames_01382.jpg 1088,403,1119,451,81 718,568,769,641,88 988,641,1056,708,88 990,721,1075,781,88 917,825,1015,888,88 1032,837,1140,910,88 1263,656,1372,723,88 764,602,840,720,94 1036,385,1088,447,82 1100,422,1161,472,82 1376,668,1440,754,82 1345,57,1545,360,85 1042,11,1207,165,85
data/images/frames_01383.jpg 1155,460,1194,514,81 848,566,915,627,88 825,529,894,581,88 1050,583,1146,645,88 1042,658,1140,725,88 1071,766,1167,842,88 988,896,1056,927,88 1315,608,1409,675,88 1048,412,1113,495,88 762,564,867,721,94 1384,656,1507,756,82 1342,48,1557,357,85 1023,3,1215,153,85
data/images/frames_01384.jpg 1332,309,1370,359,81 1059,435,1109,481,88 1092,468,1144,526,88 1148,466,1213,522,88 1232,537,1278,585,88 1274,574,1336,650,88 1184,737,1269,829,88 1278,366,1363,441,88 1438,408,1530,470,88 986,418,1082,562,94 1334,46,1545,368,85 1032,3,1205,157,85
data/images/frames_01385.jpg 1121,443,1163,501,81 779,658,869,716,88 764,727,840,787,88 848,731,908,800,88 844,812,913,902,88 925,812,996,888,88 1004,835,1071,927,88 1117,600,1171,673,88 1176,635,1263,723,88 681,689,769,848,94 1090,272,1269,599,85 731,11,952,345,85
data/images/frames_01386.jpg 1144,520,1175,576,81 766,658,833,720,88 746,727,827,789,88 842,743,933,792,88 831,804,925,888,88 933,810,1013,894,88 1006,865,1067,923,88 658,700,762,877,94 1061,261,1267,602,85 733,11,942,334,85 1050,19,1403,341,87
data/images/frames_01387.jpg 1136,526,1175,572,81 769,650,844,720,88 779,723,827,794,88 842,733,919,810,88 835,810,917,885,88 929,815,984,900,88 992,867,1057,923,88 637,702,777,881,94 1067,284,1284,604,85 743,44,963,368,85 1077,19,1413,341,87
data/images/frames_01388.jpg 1102,495,1148,556,81 741,687,819,748,88 771,735,833,804,88 840,733,917,804,88 827,804,900,885,88 923,806,1002,894,88 1006,856,1071,923,88 648,714,769,869,94 1050,276,1290,614,85 744,42,946,328,85 1086,9,1399,336,87
data/images/frames_01389.jpg 1111,491,1148,545,81 756,704,825,791,88 842,810,898,881,88 917,812,990,896,88 998,856,1075,925,88 662,702,768,871,94 1069,270,1276,599,85 750,30,946,351,85 1077,11,1397,336,87
data/images/frames_01390.jpg 1102,497,1140,552,81 766,727,846,791,88 833,789,910,869,88 925,819,979,894,88 998,865,1071,933,88 662,695,777,833,94 1077,270,1282,618,85 746,46,954,357,85 1084,3,1403,332,87
data/images/frames_01391.jpg 1105,497,1142,551,81 837,802,915,885,88 925,808,1002,894,88 1004,860,1069,933,88 673,687,769,825,94 1073,288,1284,608,85 769,42,940,337,85 1075,3,1392,326,87
data/images/frames_01392.jpg 1104,499,1140,547,81 837,792,925,881,88 986,867,1071,931,88 691,702,773,821,94 1052,278,1274,599,85 741,19,961,341,85 1092,11,1407,336,87
data/images/frames_01393.jpg 1098,489,1140,547,81 833,812,917,877,88 1000,865,1071,923,88 673,702,775,844,94 1057,272,1276,597,85 731,38,961,355,85 1094,3,1399,339,87
data/images/frames_01394.jpg 1100,491,1138,551,81 846,812,917,883,88 1002,867,1063,919,88 675,691,766,823,94 1059,266,1276,612,85 743,34,954,343,85 1069,5,1405,326,87
data/images/frames_01395.jpg 852,487,887,535,81 863,673,933,758,88 681,702,783,833,94 744,40,954,341,85 1092,11,1397,318,87
data/images/frames_01396.jpg 831,286,869,357,81 873,520,931,595,88 720,551,802,689,94 739,32,969,351,85 1100,7,1405,330,87
data/images/frames_01397.jpg 447,783,487,831,81 862,535,933,597,88 721,545,798,687,94 748,34,954,343,85 1077,21,1401,349,87
data/images/frames_01398.jpg 405,875,441,915,81 485,631,658,779,94 744,42,959,345,85 1061,9,1415,349,87
data/images/frames_01399.jpg 650,702,689,754,81 631,476,769,564,94 1044,5,1200,142,85 1265,3,1622,151,87
data/images/frames_01400.jpg 725,777,762,825,81 635,693,762,833,94 1019,9,1200,145,85 1269,5,1622,142,87
data/images/frames_01401.jpg 710,497,741,547,81 754,524,862,673,94 1031,1,1190,145,85
data/images/frames_01402.jpg 1017,351,1050,399,81 616,451,748,591,94 1056,278,1153,357,82 1155,161,1230,243,82 1040,7,1200,142,85 1276,3,1637,144,87
data/images/frames_01403.jpg 871,522,908,577,81 708,378,827,510,94 915,374,988,478,82 1029,303,1092,387,82 1165,149,1242,230,82 1025,5,1192,142,85 1276,3,1614,142,87
data/images/frames_01404.jpg 802,566,835,618,81 718,403,808,520,94 787,364,848,458,82 840,431,911,506,82 977,299,1059,387,82 1148,180,1219,238,82 1036,11,1188,130,85 1274,7,1595,147,87
data/images/frames_01405.jpg 762,587,794,635,81 387,796,531,938,89 712,403,791,526,94 1019,293,1096,360,82 1117,226,1192,288,82 773,387,823,470,82 823,380,885,455,82 1038,5,1198,136,85 1269,3,1616,142,87
data/images/frames_01406.jpg 706,602,746,643,81 503,814,568,915,88 545,587,695,766,89 693,401,798,528,94 768,387,835,472,82 827,349,902,449,82 1015,297,1082,364,82 1025,234,1077,305,82 1098,253,1163,314,82 1042,3,1178,134,85 1267,1,1630,138,87
data/images/frames_01407.jpg 716,599,746,647,81 512,840,597,923,88 679,599,725,664,88 685,460,823,610,89 698,380,815,510,94 819,395,904,455,82 1013,305,1086,376,82 1006,213,1065,263,82 1017,234,1109,312,82 1056,9,1196,126,85 1276,3,1630,136,87
data/images/frames_01408.jpg 844,462,883,512,81 597,627,683,704,88 554,771,631,844,88 827,510,904,574,88 666,431,785,595,89 704,391,792,483,94 952,251,1015,301,82 956,293,1015,366,82 1019,295,1107,364,82 1267,11,1614,159,87
data/images/frames_01409.jpg 848,468,885,510,81 604,741,687,812,88 595,512,672,581,88 658,416,718,474,88 814,443,896,508,88 670,464,815,585,89 942,299,1011,366,82 1019,297,1077,370,82 956,243,1038,303,82 1276,11,1618,151,87
data/images/frames_01410.jpg 969,729,1000,781,81 823,744,902,819,88 913,750,969,814,88 635,798,704,833,88 802,837,1002,933,89 946,641,1034,700,82 956,710,1025,810,82 1046,710,1111,798,82 1048,105,1246,445,85 1359,115,1716,468,87
data/images/frames_01411.jpg 996,382,1038,424,81 608,643,683,723,88 785,528,858,579,88 648,464,718,541,88 911,305,973,360,88 892,359,1025,501,89 712,397,794,535,94 959,255,1042,326,82 1271,5,1622,155,87
data/images/frames_01412.jpg 1029,518,1065,572,81 752,844,825,933,88 695,725,773,779,88 854,572,1000,743,89 647,754,756,881,94 961,533,1042,595,82 1054,5,1224,374,85 1319,19,1676,378,87
data/images/frames_01413.jpg 1094,353,1136,397,81 819,718,896,808,88 863,643,942,710,88 913,407,979,472,88 971,384,1023,447,88 771,441,925,610,89 744,570,858,718,94 1057,49,1232,364,85 1334,24,1687,378,87
data/images/frames_01414.jpg 1098,351,1125,405,81 973,528,1027,591,88 1027,587,1084,641,88 1009,312,1067,372,88 873,479,923,529,88 1040,364,1176,514,89 825,495,917,639,94 1063,51,1226,366,85 1336,26,1703,364,87
data/images/frames_01415.jpg 729,631,802,695,88 833,716,902,771,88 902,764,958,842,88 900,455,959,504,88 961,512,1031,581,88 1032,483,1146,624,89 672,672,779,808,94 935,182,1123,504,85 1238,157,1630,518,87
data/images/frames_01416.jpg 963,539,1000,589,81 781,560,844,635,88 850,620,919,704,88 608,756,710,810,88 702,827,787,913,88 771,890,856,933,88 931,585,1056,741,89 499,825,664,948,94 815,286,1023,602,85 1178,241,1560,633,87
data/images/frames_01417.jpg 954,535,996,579,81 610,752,710,823,88 721,842,792,911,88 773,562,835,656,88 856,620,919,700,88 917,579,1086,741,89 491,823,654,938,94 812,295,1038,616,85 1173,238,1537,608,87
data/images/frames_01418.jpg 963,535,996,587,81 612,744,673,825,88 802,558,840,618,88 862,625,927,687,88 704,823,771,911,88 779,900,831,925,88 913,585,1054,748,89 531,821,650,940,94 823,293,1027,610,85 1161,261,1534,633,87
data/images/frames_01419.jpg 959,537,994,587,81 610,754,696,829,88 702,829,794,913,88 769,881,852,927,88 787,558,858,622,88 852,610,919,696,88 906,579,1080,725,89 520,835,647,933,94 810,293,1015,616,85 1153,278,1551,602,87
data/images/frames_01420.jpg 873,618,906,666,81 748,512,817,587,88 783,566,856,658,88 647,455,741,518,88 787,301,860,374,88 863,357,940,408,88 927,289,1031,445,89 597,479,685,614,94 837,57,1040,355,85 1153,21,1470,360,87
data/images/frames_01421.jpg 1019,458,1056,503,81 656,407,733,485,88 741,476,798,549,88 798,528,854,604,88 796,293,867,359,88 875,336,931,412,88 911,291,1059,456,89 585,478,691,610,94 1157,26,1476,345,87
data/images/frames_01422.jpg 825,449,888,522,88 894,489,948,556,88 764,320,829,374,88 700,466,821,606,94 1176,78,1501,418,87
data/images/frames_01423.jpg 917,574,954,614,81 771,332,829,397,88 854,303,917,368,88 528,489,622,564,88 564,658,633,735,88 627,689,691,775,88 712,478,885,599,89 464,570,570,702,94 958,247,1315,610,87
data/images/frames_01424.jpg 1052,478,1086,528,81 537,489,608,562,88 574,658,672,718,88 610,702,725,766,88 848,316,938,389,88 898,268,958,312,88 746,458,871,612,89 464,583,577,704,94 940,251,1313,610,87
data/images/frames_01425.jpg 1056,476,1098,528,81 510,483,595,541,88 566,650,631,718,88 618,687,677,769,88 842,307,910,360,88 883,259,948,312,88 710,456,885,599,89 470,577,572,729,94 942,243,1324,618,87
data/images/frames_01426.jpg 842,900,879,952,81 537,489,608,554,88 564,658,625,725,88 625,691,693,769,88 810,311,906,372,88 887,251,963,312,88 744,468,877,622,89 456,576,618,710,94 948,245,1319,595,87
data/images/frames_01427.jpg 741,983,771,1034,81 535,491,604,552,88 812,299,904,359,88 888,270,950,312,88 568,647,618,729,88 723,453,885,600,89 468,581,562,710,94 958,249,1297,572,87
data/images/frames_01428.jpg 919,773,956,819,81 558,662,643,725,88 610,704,693,775,88 518,489,610,543,88 839,314,902,389,88 887,264,948,328,88 739,453,873,620,89 485,595,568,708,94 956,241,1315,589,87
data/images/frames_01429.jpg 910,781,944,833,81 568,658,624,725,88 631,687,687,781,88 541,493,618,554,88 821,293,898,376,88 885,251,952,320,88 741,441,881,602,89 470,574,572,725,94 944,241,1309,597,87
data/images/frames_01430.jpg 906,758,944,800,81 564,662,652,721,88 612,689,725,766,88 528,485,627,551,88 833,309,898,366,88 900,266,956,322,88 712,476,892,602,89 470,577,570,710,94 969,241,1303,589,87
data/images/frames_01431.jpg 904,752,940,800,81 564,666,641,725,88 614,696,687,766,88 514,489,618,558,88 835,309,906,368,88 890,257,971,324,88 741,460,867,620,89 478,589,577,716,94 958,253,1303,591,87
data/images/frames_01432.jpg 1048,439,1080,491,81 526,497,616,543,88 846,299,933,372,88 879,264,952,320,88 564,666,625,720,88 618,689,672,768,88 735,455,875,595,89 478,579,566,723,94 662,725,733,794,82 731,662,854,744,82 787,149,862,226,82 639,257,727,339,82 1443,618,1522,716,82 1422,785,1501,910,82 942,253,1324,608,87
data/images/frames_01433.jpg 1178,320,1217,357,81 518,501,600,576,88 810,309,913,378,88 850,249,956,316,88 551,662,625,741,88 625,720,683,773,88 695,474,842,633,89 460,606,577,714,94 468,412,566,481,82 758,151,814,218,82 812,215,869,263,82 1407,679,1520,766,82 1376,860,1491,965,82 760,731,848,810,82 558,764,685,833,82 954,264,1309,604,87
data/images/frames_01434.jpg 1155,324,1188,378,81 696,479,831,643,83 514,495,608,551,88 547,662,629,718,88 618,706,687,768,88 814,238,860,311,88 871,245,923,316,88 466,610,572,725,94 1384,950,1491,1063,82 585,771,691,846,82 689,714,762,792,82 754,222,819,286,82 821,207,885,257,82 752,696,862,844,84 1426,689,1530,844,84 735,142,837,230,84 956,255,1301,602,87
data/images/frames_01435.jpg 1161,328,1190,378,81 562,668,622,731,88 612,700,673,764,88 524,489,599,551,88 810,255,858,320,88 877,261,938,326,88 708,501,837,647,89 476,576,568,723,94 825,660,915,737,82 693,660,785,721,82 639,543,706,618,82 754,241,808,322,82 792,209,890,257,82 1430,702,1528,775,82 762,132,869,218,84 746,708,863,844,84 1378,963,1501,1077,84 956,249,1324,597,87
data/images/frames_01436.jpg 1161,343,1192,403,81 535,504,604,572,88 560,662,625,718,88 622,702,681,781,88 819,259,869,326,88 879,259,931,334,88 702,508,865,635,89 481,581,572,702,94 806,188,885,263,82 750,251,829,328,82 631,547,704,627,82 700,656,804,733,82 831,668,908,733,82 783,608,871,672,82 1438,744,1512,823,82 1376,971,1491,1075,82 731,157,791,215,82 783,134,837,182,82 489,720,572,802,82 737,702,892,833,84 940,241,1330,595,87
data/images/frames_01437.jpg 1161,343,1196,393,81 510,503,585,576,88 539,679,608,737,88 602,727,677,781,88 792,266,852,324,88 860,255,935,332,88 679,526,850,641,89 453,574,554,710,94 689,650,754,725,82 760,660,814,723,82 823,664,900,737,82 1415,718,1516,798,82 1388,940,1484,1032,82 716,178,758,234,82 760,119,819,178,82 787,188,860,238,82 456,733,562,815,82 720,733,885,833,84 935,253,1282,589,87
data/images/frames_01438.jpg 1165,343,1194,385,81 424,541,506,589,88 455,710,520,768,88 512,750,576,808,88 721,288,769,343,88 789,291,863,349,88 366,610,456,756,94 378,766,470,860,82 1328,762,1430,827,82 1288,994,1407,1082,82 737,710,825,785,82 645,764,787,873,84 869,301,1238,625,87
data/images/frames_01439.jpg 1153,341,1201,391,81 278,648,389,791,94
data/images/frames_01440.jpg 1159,336,1203,397,81 270,647,385,794,94
data/images/frames_01441.jpg 1163,347,1194,393,81 247,637,370,794,94
data/images/frames_01442.jpg 1163,351,1201,393,81 355,748,420,810,88 399,792,474,862,88 332,566,401,633,88 631,295,685,370,88 708,303,796,380,88 253,643,374,800,94
data/images/frames_01443.jpg 1163,351,1186,389,81 357,748,424,804,88 397,802,489,860,88 339,579,418,625,88 226,689,393,802,94
data/images/frames_01444.jpg 1159,345,1192,393,81 332,562,405,629,88 355,752,424,812,88 395,794,485,852,88 495,599,662,727,89 257,647,357,815,94
data/images/frames_01445.jpg 1054,677,1094,743,81 339,566,416,625,88 353,746,416,808,88 408,802,483,860,88 493,591,670,733,89 245,683,339,821,94
data/images/frames_01446.jpg 952,633,981,672,81 339,579,408,627,88 359,752,416,817,88 408,796,479,858,88 497,600,672,721,89 243,662,366,796,94
data/images/frames_01447.jpg 468,725,639,865,94 1376,420,1468,549,95 704,710,777,783,82 812,731,883,791,82 777,802,881,887,82 833,620,904,693,82 1052,566,1127,622,82 1132,512,1192,574,82 1269,299,1336,355,88 1246,336,1292,412,88 1146,410,1244,470,88 1069,483,1138,543,88 1121,570,1176,641,88 746,656,819,733,88
data/images/frames_01448.jpg 554,718,681,867,94 704,721,768,783,82 802,733,888,798,82 756,812,842,879,82 1330,648,1368,687,81 1054,562,1119,637,82 1144,504,1223,566,82 833,595,906,679,82 1073,474,1155,533,88 1155,408,1224,472,88 1242,336,1307,387,88 1278,293,1338,359,88 1111,562,1178,637,88 731,641,800,723,88 1378,385,1478,481,95
data/images/frames_01449.jpg 648,758,777,885,94 1272,556,1309,593,81 796,725,871,789,82 756,814,858,879,82 716,721,762,791,82 1057,560,1119,624,82 1136,512,1240,585,82 831,595,911,675,82 1111,560,1192,677,88 1054,460,1136,551,88 1150,403,1228,478,88 1230,341,1296,416,88 1271,301,1338,380,88 720,633,808,723,88 1344,451,1476,560,95
data/images/frames_01450.jpg 493,622,637,741,94 1338,552,1374,587,81 812,618,908,679,82 687,725,773,791,82 808,718,873,792,82 777,808,892,887,82 1056,556,1123,631,82 1127,491,1200,579,82 723,654,812,723,88 1042,495,1138,551,88 1107,568,1186,658,88 1155,393,1236,468,88 1236,336,1292,412,88 1261,295,1336,362,88 1361,395,1474,503,95
data/images/frames_01451.jpg 574,721,702,858,94 1111,585,1138,631,81 1111,503,1188,576,82 823,616,900,679,82 800,723,888,806,82 766,814,837,887,82 718,733,777,798,82 1157,405,1223,472,88 1240,326,1303,403,88 1276,299,1338,359,88 1054,466,1130,533,88 731,648,814,712,88 1251,485,1380,614,95
data/images/frames_01452.jpg 464,660,574,781,94 1102,572,1132,624,81 706,712,773,806,82 800,725,865,792,82 769,819,873,881,82 1061,562,1119,627,82 1136,495,1194,564,82 733,658,815,720,88 1059,479,1132,541,88 1224,334,1294,408,88 1261,307,1326,370,88 1123,574,1194,627,88 1155,412,1232,487,88 831,618,915,687,82 1292,497,1415,593,95
data/images/frames_01453.jpg 564,631,693,785,94 1484,431,1518,472,81 800,725,877,802,82 708,718,783,794,82 785,814,865,887,82 954,518,1013,581,82 1127,520,1226,577,82 1000,551,1065,618,88 1002,501,1057,558,88 1161,403,1236,464,88 1246,391,1324,445,88 1140,353,1249,403,88 1297,443,1422,549,95
data/images/frames_01454.jpg 798,568,896,710,94 1242,526,1272,564,81 700,720,785,785,82 796,727,862,802,82 769,808,839,887,82 933,535,996,593,82 1155,410,1213,478,88 1242,378,1307,445,88 1146,362,1228,418,88 869,537,923,618,88 846,664,908,720,88 1393,359,1522,479,95
data/images/frames_01455.jpg 810,583,923,714,94 1140,462,1167,514,81 704,716,785,794,82 796,739,879,810,82 783,810,862,887,82 1084,466,1146,526,82 1165,405,1223,472,88 1169,341,1223,410,88 1246,380,1303,443,88 718,647,815,712,88 1382,295,1470,430,95
data/images/frames_01456.jpg 831,600,936,723,94 1261,334,1290,372,81 710,712,769,787,82 798,718,867,800,82 783,804,837,887,82 1165,405,1244,470,88 1238,380,1319,433,88 1152,351,1244,412,88 1349,297,1470,426,95
data/images/frames_01457.jpg 831,591,946,731,94 1320,495,1349,541,81 904,658,969,735,82 969,666,1038,741,82 1061,451,1161,526,82 1111,368,1194,424,88 1100,430,1175,476,88 1223,382,1305,449,88 1345,218,1445,336,95
data/images/frames_01458.jpg 900,489,1006,622,94 1461,251,1484,280,81 844,602,931,664,82 910,654,971,741,82 981,641,1040,746,82 1059,380,1119,449,88 1192,443,1257,506,88 1123,418,1173,487,88 1349,312,1505,410,95
data/images/frames_01459.jpg 744,533,869,677,94 1438,372,1468,410,81 844,602,954,670,82 919,672,983,748,82 984,664,1052,746,82 1054,368,1123,441,88 1117,426,1171,487,88 1184,443,1246,524,88 1430,161,1555,291,95
data/images/frames_01460.jpg 769,522,873,664,94 1073,466,1098,501,81 850,602,923,687,82 925,672,981,744,82 984,660,1052,731,82 1046,391,1107,456,88 1107,439,1173,495,88 1188,433,1248,510,88 1384,218,1514,314,95
data/images/frames_01461.jpg 792,506,940,675,94 1476,305,1503,347,81 858,606,940,666,82 923,668,979,748,82 973,666,1038,743,82 1046,387,1109,458,88 1104,428,1157,491,88 1184,443,1257,499,88 1194,309,1368,416,95
data/images/frames_01462.jpg 814,518,913,685,94 1424,478,1453,524,81 931,673,979,737,82 975,656,1044,741,82 863,602,946,664,82 1048,374,1125,453,88 1130,401,1184,464,88 1186,441,1244,528,88 1380,203,1482,311,95
data/images/frames_01463.jpg 650,581,794,714,94 1088,474,1115,512,81 844,602,908,677,82 931,666,984,746,82 983,668,1032,743,82 1034,380,1123,456,88 1123,433,1207,508,88 1332,330,1430,445,95
data/images/frames_01464.jpg 700,562,831,696,94 1098,672,1123,710,81 846,606,938,666,82 927,672,977,743,82 975,654,1032,731,82 1056,380,1125,456,88 1132,439,1207,503,88 1257,458,1399,576,95
data/images/frames_01465.jpg 693,528,789,677,94 1572,487,1599,520,81 852,610,950,673,82 923,670,975,748,82 967,662,1036,743,82 1044,395,1123,472,88 1140,447,1200,543,88 1545,38,1607,119,88 1637,34,1681,63,88 1319,539,1445,658,95
data/images/frames_01466.jpg 704,533,800,681,94 1144,604,1175,643,81 846,610,902,672,82 931,672,977,748,82 973,681,1073,756,82 1052,384,1111,451,88 1136,445,1207,510,88 1436,122,1501,211,88 1532,40,1589,132,88 1605,32,1651,69,88 1415,466,1543,587,95
data/images/frames_01467.jpg 635,585,771,695,94 1514,364,1541,397,81 856,606,938,668,82 938,670,1002,733,82 969,698,1077,756,82 581,804,652,887,82 1040,435,1127,499,88 1320,211,1384,291,88 1430,140,1486,216,88 1511,76,1560,163,88 1601,34,1672,59,88 1382,380,1484,497,95
data/images/frames_01468.jpg 526,677,639,802,94 1251,562,1274,604,81 612,787,685,865,82 456,906,524,998,82 744,639,819,716,82 846,606,938,672,82 935,664,1009,764,82 1200,320,1274,412,88 1031,468,1096,522,88 1322,218,1382,312,88 1392,172,1447,251,88 1501,92,1580,142,88 1555,15,1622,61,88 1445,288,1564,385,95
data/images/frames_01469.jpg 639,648,721,800,94 1069,504,1104,543,81 846,606,940,664,82 929,668,994,754,82 769,606,844,689,82 478,879,552,969,82 670,771,748,858,82 1415,178,1482,241,88 1451,82,1514,140,88 1562,42,1633,96,88 1276,255,1344,357,88 1207,301,1261,393,88 1102,472,1182,549,88 902,510,994,587,82 1303,418,1415,533,95
data/images/frames_01470.jpg 616,654,777,771,94 1221,587,1251,635,81 547,883,600,944,82 660,775,752,854,82 858,602,944,668,82 933,672,1031,741,82 1050,424,1134,518,88 1161,368,1230,472,88 1307,289,1365,337,88 1380,172,1443,236,88 1472,134,1541,188,88 815,539,887,614,82 777,606,848,672,82 984,579,1050,654,82 1054,568,1123,648,88 1324,426,1434,543,95
data/images/frames_01471.jpg 370,702,552,819,94 1023,648,1054,687,81 570,840,637,919,82 668,773,760,842,82 689,842,756,910,82 854,595,944,670,82 935,654,1009,748,82 769,572,858,675,82 1029,516,1107,602,88 956,497,1046,543,88 946,545,1017,602,88 1246,337,1330,399,88 1282,274,1353,339,88 1363,211,1430,270,88 888,531,979,599,82 1213,451,1353,593,95
data/images/frames_01472.jpg 330,802,455,894,94 892,631,923,672,81 666,741,754,794,82 666,794,760,858,82 727,806,823,883,82 940,672,1000,748,82 835,593,902,677,82 873,445,940,522,82 896,522,959,629,82 971,574,1063,670,82 956,497,1019,549,88 1000,533,1067,602,88 1161,359,1226,435,88 1232,366,1320,418,88 1230,311,1299,357,88 1368,439,1451,602,95
data/images/frames_01473.jpg 558,654,679,800,94 1499,468,1530,508,81 660,739,720,808,82 660,794,720,856,82 735,796,789,881,82 923,677,986,748,82 860,608,923,673,82 879,472,954,524,82 898,508,956,600,82 984,579,1040,664,82 1161,362,1217,418,88 1226,357,1297,418,88 1152,316,1223,368,88 992,535,1061,608,88 1180,518,1353,625,95
data/images/frames_01474.jpg 504,817,633,946,94 956,685,979,727,81 668,741,748,802,82 675,796,743,850,82 741,796,821,873,82 933,641,1000,748,82 862,468,936,539,82 904,514,963,587,82 967,554,1038,645,82 969,472,1036,526,88 1002,543,1079,591,88 1165,349,1219,435,88 1161,291,1253,364,88 1242,357,1292,449,88 1345,472,1468,564,95
data/images/frames_01475.jpg 499,695,639,794,94 1319,612,1345,648,81 662,741,733,808,82 679,783,756,854,82 733,787,835,883,82 835,449,931,556,82 900,514,959,602,82 971,562,1056,658,82 975,472,1023,539,88 1155,360,1217,430,88 1232,357,1307,416,88 1146,311,1228,366,88 1344,430,1449,566,95
data/images/frames_01476.jpg 512,714,670,846,94 1294,551,1322,595,81 670,735,716,802,82 668,787,721,856,82 735,800,791,875,82 927,656,986,746,82 833,460,931,531,82 883,516,954,602,82 961,568,1036,648,82 967,487,1036,541,88 1015,539,1082,616,88 1161,357,1246,426,88 1159,318,1217,364,88 1234,364,1299,435,88 1280,491,1415,622,95
data/images/frames_01477.jpg 531,541,647,677,94 1226,664,1257,704,81 654,737,746,804,82 673,779,748,854,82 739,794,817,873,82 946,666,1007,756,82 875,487,946,560,82 908,526,961,591,82 965,595,1029,658,82 1169,280,1238,360,88 1157,360,1224,433,88 1232,355,1292,443,88 973,541,1067,616,88 1376,464,1480,604,95
data/images/frames_01478.jpg 554,560,668,673,94 771,641,808,683,81 975,662,1054,731,82 666,741,746,796,82 677,794,752,852,82 739,794,827,879,82 896,539,963,618,82 961,572,1023,643,82 1159,312,1224,366,88 1157,372,1230,426,88 1240,351,1309,418,88 1002,526,1071,627,88 1217,583,1332,696,95
data/images/frames_01479.jpg 552,539,635,666,94 1048,635,1077,672,81 656,743,731,810,82 670,794,720,854,82 735,794,794,863,82 973,660,1054,729,82 910,533,973,595,82 1006,491,1088,579,88 1161,312,1224,368,88 1165,366,1223,418,88 1224,353,1301,441,88 1090,326,1144,422,82 1305,479,1428,618,95
data/images/frames_01480.jpg 643,591,766,720,94 1376,541,1407,577,81 662,743,764,806,82 654,783,731,848,82 723,792,815,871,82 1084,326,1144,389,82 1046,399,1128,462,88 1169,318,1228,359,88 1169,368,1226,441,88 1240,351,1294,426,88 1246,481,1411,597,95
data/images/frames_01481.jpg 493,750,637,850,94 1633,318,1656,355,81 1013,441,1096,535,82 769,633,839,714,82 860,631,927,733,82 961,645,1061,739,82 1098,305,1169,393,82 1169,364,1240,424,88 1246,353,1299,424,88 1171,311,1236,360,88 1069,391,1127,458,88 1416,360,1488,503,95
data/images/frames_01482.jpg 835,933,858,963,81 1015,301,1098,370,82 1084,312,1146,397,82 1056,410,1121,474,88 1157,355,1215,414,88 1230,362,1299,418,88 1161,303,1228,359,88 1570,236,1666,374,95
data/images/frames_01483.jpg 602,441,702,560,94 1507,384,1526,422,81 1084,330,1138,387,82 1027,382,1104,439,82 773,648,862,718,82 917,583,983,654,82 944,643,1027,716,82 1165,360,1224,420,88 1230,359,1292,420,88 1155,307,1223,364,88 1614,207,1706,328,95
data/images/frames_01484.jpg 741,405,869,524,94 1503,341,1532,380,81 760,652,827,718,82 923,587,1006,650,82 969,627,1034,706,82 1038,382,1107,437,82 1084,334,1144,397,82 1161,364,1221,418,88 1240,349,1315,418,88 1161,301,1234,364,88 1413,241,1560,328,95
data/images/frames_01485.jpg 677,508,815,620,94 1445,272,1470,314,81 769,650,846,710,82 931,579,1006,654,82 1046,545,1121,620,82 1100,322,1148,380,82 1031,372,1107,424,88 1161,307,1232,360,88 1163,366,1228,428,88 1238,353,1313,424,88 1476,249,1559,384,95
data/images/frames_01486.jpg 743,403,852,533,94 1217,359,1246,395,81 781,648,858,716,82 921,587,979,654,82 1046,551,1094,625,82 1086,328,1153,401,82 1169,349,1223,410,88 1153,293,1215,359,88 1215,359,1294,414,88 1392,192,1505,295,95
data/images/frames_01487.jpg 785,380,888,526,94 959,539,984,585,81 775,631,846,718,82 933,579,1011,650,82 1040,545,1115,625,82 1077,328,1134,387,82 1159,305,1240,366,88 1161,374,1221,433,88 1238,351,1317,418,88 1461,243,1589,372,95
data/images/frames_01488.jpg 846,426,971,533,94 1023,462,1050,499,81 1048,293,1134,362,82 1077,332,1146,393,82 883,533,956,597,82 931,585,1015,652,82 1046,543,1121,624,82 1171,311,1230,362,88 1173,364,1226,441,88 1238,364,1299,420,88 1520,341,1641,462,95
data/images/frames_01489.jpg 764,439,862,576,94 1324,564,1353,599,81 898,531,967,593,82 904,572,977,648,82 1038,547,1102,629,82 1057,288,1144,339,82 1096,322,1161,393,82 1165,314,1236,364,88 1171,362,1238,410,88 1240,349,1294,431,88 1430,380,1522,474,95
data/images/frames_01490.jpg 744,355,860,503,94 1130,336,1153,372,81 888,533,984,593,82 923,583,1000,656,82 1036,549,1107,625,82 1069,280,1169,337,82 1086,334,1153,395,82 1171,368,1224,430,88 1171,309,1221,359,88 1248,357,1303,424,88 1399,337,1507,470,95
data/images/frames_01491.jpg 762,362,863,503,94 1562,397,1591,439,81 888,529,958,600,82 923,581,1013,648,82 1038,549,1121,625,82 1079,328,1155,395,82 1184,433,1259,499,88 1405,364,1522,479,95
data/images/frames_01492.jpg 714,483,860,585,94 1219,426,1246,456,81 892,529,992,600,82 908,587,973,648,82 1032,556,1100,618,82 1113,405,1196,499,82 1282,326,1359,391,82 1188,441,1253,510,88 1520,274,1637,405,95
data/images/frames_01493.jpg 700,570,808,672,94 1438,462,1470,501,81 885,533,990,597,82 927,589,1007,652,82 1038,558,1123,624,82 1190,433,1269,497,88 1557,157,1653,286,95
data/images/frames_01494.jpg 825,695,973,833,94 1292,408,1317,451,81 885,531,950,600,82 927,583,1017,648,82 1038,549,1134,631,82 1184,449,1249,503,88 1539,334,1653,437,95
data/images/frames_01495.jpg 856,624,956,768,94 1357,418,1392,455,81 890,531,983,585,82 1023,549,1100,620,82 921,593,984,648,82 1176,447,1249,516,88 1553,49,1610,126,88 1630,28,1679,51,88 1338,249,1436,351,95
data/images/frames_01496.jpg 946,600,1069,727,94 1704,295,1737,334,81 885,535,963,600,82 915,600,990,654,82 1034,551,1123,625,82 1190,441,1269,495,88 1443,124,1509,211,88 1543,46,1589,132,88 1608,30,1664,63,88 1368,203,1461,351,95
data/images/frames_01497.jpg 862,645,992,764,94 938,633,969,670,81 869,524,977,595,82 1038,556,1132,622,82 938,593,1019,654,82 1320,213,1395,303,88 1430,134,1491,230,88 1514,65,1576,147,88 1182,441,1253,512,88 1514,263,1653,401,95 1578,26,1672,80,90
data/images/frames_01498.jpg 844,685,969,781,94 1787,364,1814,401,81 938,526,996,577,82 977,537,1036,608,82 1042,554,1102,629,82 614,779,695,865,82 783,670,856,733,82 1221,330,1278,403,88 1299,232,1372,320,88 1407,157,1464,241,88 1574,40,1635,97,88 1449,297,1607,441,95 1491,86,1580,168,90
data/images/frames_01499.jpg 610,731,735,863,94 1413,675,1441,718,81 1098,470,1176,556,88 1200,336,1274,426,88 1282,251,1353,334,88 1480,124,1551,168,88 1560,49,1628,97,88 1608,345,1770,464,95 431,875,562,994,84 1368,167,1484,272,90
data/images/frames_01500.jpg 689,549,800,679,94 1015,600,1046,637,81 944,531,1006,597,82 1023,560,1092,625,82 1098,570,1159,647,82 940,610,1019,664,82 510,856,585,933,82 652,629,729,695,82 1084,424,1161,501,88 1173,359,1242,453,88 1107,495,1169,564,88 1367,216,1432,270,88 1461,128,1528,188,88 1555,46,1624,99,88 1426,464,1572,574,95 668,714,783,829,84 1251,264,1361,351,90
data/images/frames_01501.jpg 693,574,815,670,94 1564,625,1591,677,81 723,710,796,792,82 554,825,639,908,82 958,608,1031,660,82 1267,324,1338,380,88 1349,220,1418,276,88 1463,130,1520,184,88 1363,472,1482,610,95 846,587,936,691,84 1153,366,1242,478,90
data/images/frames_01502.jpg 485,664,600,766,94 1040,606,1063,637,81 969,604,1031,673,82 1046,558,1115,606,82 1115,587,1171,652,82 915,474,998,549,82 1004,493,1054,549,82 700,648,775,733,82 750,696,823,787,82 591,856,652,931,82 1205,293,1272,349,88 1322,197,1399,259,88 1259,320,1330,387,88 1161,531,1226,612,88 1105,501,1165,560,88 1044,483,1109,541,88 1418,489,1530,614,95 852,587,950,704,84 1153,395,1271,489,90
data/images/frames_01503.jpg 570,648,685,744,94 1464,522,1497,556,81 733,710,825,781,82 777,775,852,860,82 768,635,839,696,82 963,602,1023,662,82 1104,585,1180,650,82 1042,560,1105,618,82 998,491,1057,556,82 931,476,992,551,82 1119,501,1192,560,88 1155,549,1228,616,88 1190,314,1251,387,88 1267,322,1324,387,88 1330,349,1395,407,88 1054,483,1121,551,88 1361,487,1482,610,95 840,591,959,702,84 1173,405,1294,485,90
data/images/frames_01504.jpg 677,625,777,743,94 1461,574,1491,614,81 746,718,823,781,82 827,752,915,825,82 754,627,825,695,82 963,595,1036,660,82 1088,576,1161,658,82 925,487,1002,549,82 1015,481,1065,558,82 1090,529,1146,579,88 1159,545,1221,618,88 1186,303,1263,366,88 1269,318,1332,382,88 1326,362,1403,431,88 1470,483,1584,604,95 831,599,950,704,84 1157,403,1276,491,90
data/images/frames_01505.jpg 710,449,804,593,94 1261,633,1286,672,81 1096,581,1159,693,82 963,600,1013,664,82 927,474,996,539,82 996,487,1054,554,82 764,627,842,704,82 746,710,823,777,82 823,748,879,825,82 1167,549,1246,616,88 1192,299,1253,370,88 1259,330,1322,387,88 1319,370,1399,426,88 1511,508,1641,618,95 839,597,954,702,84 1173,403,1284,495,90
data/images/frames_01506.jpg 670,524,791,618,94 1198,618,1224,660,81 958,600,1027,660,82 1100,579,1167,641,82 954,479,1034,535,82 777,633,865,691,82 731,710,800,775,82 815,752,915,821,82 1157,539,1248,599,88 1200,303,1261,372,88 1269,334,1326,382,88 1326,380,1378,453,88 956,543,1023,597,88 1449,472,1560,587,95 875,552,977,664,84 1157,395,1274,491,90
data/images/frames_01507.jpg 478,685,629,800,94 1317,656,1349,691,81 750,625,827,700,82 739,718,812,785,82 823,754,923,823,82 958,589,1021,672,82 1100,587,1184,670,82 1017,439,1092,514,82 1167,518,1236,614,88 1196,297,1263,368,88 1267,326,1324,403,88 1332,360,1407,430,88 840,503,911,576,88 1340,466,1472,579,95 850,572,971,695,84 1113,359,1201,472,90
data/images/frames_01508.jpg 574,696,693,812,94 1044,687,1073,718,81 1015,439,1079,522,82 961,600,1032,672,82 766,624,829,702,82 731,714,798,785,82 814,764,885,823,82 1232,403,1311,470,88 1188,312,1246,368,88 1259,330,1324,393,88 1034,624,1092,698,88 1357,466,1445,593,95 900,533,1000,645,84 1092,370,1221,478,90
data/images/frames_01509.jpg 576,718,689,825,94 1000,656,1031,695,81 766,696,837,756,82 817,758,883,821,82 967,595,1038,662,82 863,620,921,681,82 1023,439,1090,508,82 1224,418,1303,481,88 1194,305,1251,370,88 1253,316,1361,382,88 1349,464,1453,583,95 900,518,1021,610,84 1109,364,1207,476,90
data/images/frames_01510.jpg 579,712,693,839,94 996,672,1017,710,81 1009,439,1088,508,82 854,610,919,681,82 963,602,1031,668,82 769,691,829,764,82 829,762,887,825,82 1207,407,1290,472,88 1261,318,1317,391,88 1182,316,1261,370,88 1286,479,1449,579,95 913,518,1023,608,84 1107,366,1201,468,90
data/images/frames_01511.jpg 585,714,677,842,94 967,683,998,710,81 862,618,927,681,82 954,618,1023,672,82 1017,441,1084,506,82 931,695,1004,752,82 1240,401,1317,479,88 1180,309,1251,372,88 1265,318,1328,385,88 1353,464,1468,583,95 906,518,1013,620,84 1090,364,1213,456,90
data/images/frames_01512.jpg 570,862,647,938,94 969,758,1000,794,81 862,612,938,672,82 871,683,940,741,82 948,664,1013,741,82 973,591,1052,668,82 1240,403,1296,481,88 1267,320,1353,380,88 1182,312,1257,366,88 1342,472,1466,583,95 913,520,1023,614,84 1113,378,1203,470,90
data/images/frames_01513.jpg 564,858,662,942,94 963,754,998,794,81 854,668,929,748,82 888,620,969,687,82 959,593,1031,652,82 967,662,1044,721,82 1238,403,1315,468,88 1173,318,1248,366,88 1178,364,1253,416,88 1255,487,1466,589,95 956,485,1094,587,84 1054,395,1155,504,90
data/images/frames_01514.jpg 556,846,656,938,94 961,762,1006,789,81 875,668,950,741,82 958,602,1042,660,82 1054,606,1136,668,82 910,526,973,587,82 1236,414,1294,479,88 1188,364,1249,439,88 1173,316,1244,378,88 1330,472,1455,599,95 975,403,1057,503,84 1023,426,1146,518,90
data/images/frames_01515.jpg 570,769,718,902,94 954,764,1000,789,81 925,503,1002,564,82 986,673,1063,741,82 1115,549,1176,624,82 1232,410,1309,464,88 1182,359,1253,430,88 1184,311,1246,372,88 1345,460,1443,572,95 956,389,1061,479,84 1038,445,1128,572,90
data/images/frames_01516.jpg 664,700,819,831,94 1007,720,1044,756,81 921,501,988,568,82 998,656,1054,733,82 1100,551,1161,622,82 1224,403,1303,466,88 1176,362,1267,422,88 1176,326,1246,372,88 1305,468,1418,604,95 944,384,1056,472,84 1023,464,1109,574,90
data/images/frames_01517.jpg 835,616,944,741,94 919,506,1000,570,82 1096,549,1169,618,82 1000,666,1065,743,82 1211,403,1301,474,88 1196,362,1253,422,88 1190,312,1242,385,88 1388,433,1516,579,95 956,385,1057,483,84 1036,456,1115,564,90
data/images/frames_01518.jpg 648,672,785,817,94 1367,282,1395,326,81 931,493,1000,566,82 1107,549,1165,624,82 998,662,1067,748,82 1238,407,1307,464,88 1186,372,1253,447,88 1184,318,1269,372,88 1466,357,1584,464,95 940,387,1052,470,84 1025,456,1113,572,90
data/images/frames_01519.jpg 748,910,766,948,81 1215,403,1296,464,88 1184,357,1261,420,88 1180,312,1242,357,88 1363,263,1486,351,95 954,395,1048,478,84 1046,458,1115,487,90
data/images/frames_01520.jpg 754,706,877,802,94 768,915,794,948,81 923,503,1009,568,82 1119,545,1184,622,82 1226,405,1286,479,88 1169,374,1246,449,88 1342,186,1428,303,95 946,378,1054,455,84 1002,453,1107,572,90
data/images/frames_01521.jpg 817,579,923,731,94 1148,608,1192,648,81 913,503,983,570,82 1157,359,1248,433,88 1248,407,1330,466,88 1395,218,1520,343,95 950,385,1061,478,84 1011,466,1115,576,90
data/images/frames_01522.jpg 691,710,858,825,94 1397,401,1432,433,81 927,495,1004,564,82 1223,399,1299,474,88 1130,435,1221,495,88 1297,357,1409,472,95 938,382,1054,456,84 1015,449,1134,564,90
data/images/frames_01523.jpg 677,741,768,885,94 1249,351,1276,391,81 919,504,1021,577,82 1140,443,1207,503,88 1217,408,1294,470,88 1330,374,1474,485,95 931,382,1050,464,84 1021,468,1136,562,90
data/images/frames_01524.jpg 792,624,883,752,94 1036,405,1069,449,81 908,503,984,574,82 1148,443,1221,503,88 1313,241,1409,345,95 969,360,1046,462,84 1013,456,1123,572,90
data/images/frames_01525.jpg 752,712,887,840,94 1637,426,1668,470,81 908,503,1006,572,82 1150,449,1198,508,88 1541,49,1607,119,88 1334,247,1440,389,95 1061,366,1180,445,84
data/images/frames_01526.jpg 954,577,1015,706,94 1491,408,1514,451,81 910,512,1021,564,82 1451,147,1520,215,88 1555,49,1605,111,88 1612,38,1674,65,88 1146,447,1205,510,88 1539,197,1624,336,95 1082,341,1161,437,84
data/images/frames_01527.jpg 935,587,1044,702,94 1031,658,1061,681,81 908,510,1009,570,82 585,808,666,887,82 1340,230,1405,303,88 1461,134,1522,211,88 1514,72,1572,144,88 1607,26,1670,57,88 1136,451,1223,508,88 1438,280,1547,437,95 1073,341,1163,445,84
data/images/frames_01528.jpg 952,572,1071,698,94 1716,316,1745,357,81 969,464,1046,529,82 792,664,862,741,82 606,804,670,875,82 1209,320,1288,401,88 1347,226,1415,303,88 1430,172,1499,253,88 1530,88,1589,128,88 1576,44,1645,92,88 1345,380,1453,518,95 1128,357,1249,443,84
data/images/frames_01529.jpg 785,645,867,741,94 1637,503,1670,537,81 979,468,1067,535,82 979,545,1046,618,82 1224,297,1288,382,88 1297,349,1370,397,88 1269,226,1344,309,88 1407,163,1478,218,88 1478,117,1537,178,88 1578,19,1630,72,88 1559,274,1645,422,95 1115,355,1217,443,84
data/images/frames_01530.jpg 875,455,986,572,94 1547,255,1584,299,81 844,625,921,702,82 969,472,1025,541,82 1146,445,1219,518,82 1274,357,1338,422,88 1150,311,1219,364,88 1224,328,1286,391,88 1338,149,1405,201,88 1388,197,1443,264,88 1491,120,1560,176,88 1608,253,1714,360,95 1130,360,1226,441,84
data/images/frames_01531.jpg 821,503,917,610,94 1607,337,1633,368,81 973,476,1048,543,82 873,612,956,677,82 723,710,806,779,82 1228,399,1313,456,82 1036,514,1102,591,82 1171,293,1232,357,88 1236,314,1276,360,88 1276,360,1338,414,88 1324,157,1374,213,88 1401,188,1457,239,88 1457,215,1526,274,88 1459,295,1630,374,95 1138,349,1215,451,84
data/images/frames_01532.jpg 760,549,871,689,94 1464,449,1493,487,81 981,472,1057,531,82 988,533,1069,595,82 923,589,1000,662,82 739,696,829,756,82 1067,364,1150,435,82 1080,311,1157,372,82 1230,403,1311,449,82 1322,149,1378,215,88 1388,180,1441,251,88 1453,218,1509,288,88 1228,326,1276,368,88 1276,372,1322,424,88 1167,301,1228,364,88 1584,222,1668,366,95 1148,366,1226,449,84
data/images/frames_01533.jpg 660,654,769,791,94 1484,455,1507,493,81 856,501,925,566,82 933,570,1007,635,82 990,581,1061,670,82 672,846,744,913,82 670,787,748,840,82 744,741,823,812,82 746,652,831,744,82 1130,370,1215,441,88 1248,382,1326,460,88 1115,303,1194,357,88 936,466,984,547,88 1038,479,1121,547,88 1046,529,1104,602,88 1495,299,1591,430,95
data/images/frames_01534.jpg 691,687,789,831,94 1259,681,1292,725,81 835,501,908,572,82 1000,593,1065,689,82 743,825,848,894,82 650,794,735,852,82 777,650,856,710,82 1128,374,1188,447,88 1257,360,1338,426,88 1109,295,1188,362,88 935,476,992,537,88 986,533,1046,589,88 1054,531,1104,597,88 1478,311,1599,416,95
data/images/frames_01535.jpg 710,643,800,789,94 748,794,785,829,81 668,771,741,852,82 735,825,808,900,82 773,654,842,710,82 923,549,990,612,82 996,587,1054,658,82 840,510,906,606,82 1115,374,1184,453,88 1238,372,1322,453,88 1127,303,1186,370,88 915,483,998,537,88 1031,541,1130,595,88 1378,426,1486,537,95
data/images/frames_01536.jpg 554,737,689,854,94 1534,528,1560,564,81 842,493,910,577,82 929,549,1007,624,82 996,587,1080,672,82 773,645,848,725,82 723,737,817,806,82 758,829,837,904,82 664,766,739,842,82 913,489,988,554,88 1117,370,1211,433,88 1117,291,1184,355,88 1255,382,1328,445,88 1059,552,1130,604,88 1269,487,1376,589,95
data/images/frames_01537.jpg 372,844,545,948,94 1676,476,1703,510,81 754,639,823,706,82 746,817,850,908,82 986,602,1046,681,82 842,501,925,570,82 925,564,994,648,82 672,777,743,862,82 933,485,998,552,88 1052,543,1127,625,88 1130,374,1200,435,88 1253,368,1334,435,88 1115,301,1192,370,88 1319,508,1455,652,95
data/images/frames_01538.jpg 520,706,664,856,94 1023,620,1056,662,81 739,733,794,814,82 662,781,731,852,82 746,829,817,906,82 769,648,848,727,82 938,556,992,639,82 815,499,902,577,82 936,472,1007,549,88 1038,543,1111,608,88 1111,364,1192,449,88 1246,376,1311,451,88 1115,297,1194,360,88 1480,414,1574,556,95
data/images/frames_01539.jpg 589,685,679,837,94 1376,660,1407,698,81 835,504,908,572,82 931,554,1023,608,82 986,587,1048,656,82 762,645,850,714,82 739,729,815,810,82 754,831,842,898,82 670,777,739,848,82 933,460,1004,545,88 1061,531,1111,608,88 1140,374,1196,431,88 1249,376,1307,453,88 1127,311,1194,362,88 1299,487,1463,602,95
data/images/frames_01540.jpg 589,691,683,835,94 1031,579,1059,624,81 839,499,900,583,82 927,533,1004,612,82 752,647,823,718,82 733,743,800,815,82 746,831,815,910,82 666,783,729,852,82 1127,380,1198,435,88 1269,372,1345,426,88 1125,305,1192,368,88 1324,579,1430,698,95
data/images/frames_01541.jpg 397,792,562,923,94 1545,357,1576,397,81 842,570,929,645,82 902,614,986,679,82 908,679,992,743,82 994,414,1069,487,82 1111,526,1186,599,82 804,887,902,925,82 1123,376,1190,453,88 1121,301,1190,360,88 1253,374,1332,435,88 1368,503,1482,643,95
data/images/frames_01542.jpg 389,672,522,806,94 1307,408,1332,435,81 919,664,981,743,82 837,579,925,641,82 954,599,1031,666,82 959,702,1040,769,82 1067,387,1134,476,82 1134,443,1219,514,82 1215,408,1290,479,82 1119,288,1182,357,88 1136,372,1196,433,88 1261,359,1320,426,88 1407,414,1522,531,95
data/images/frames_01543.jpg 616,541,731,683,94 1061,385,1130,456,82 1130,435,1200,510,82 1123,612,1184,702,82 950,599,1023,666,82 854,581,946,641,82 910,675,992,756,82 1130,301,1200,360,88 1138,376,1188,430,88 1253,368,1349,428,88 1361,263,1484,391,95
data/images/frames_01544.jpg 691,589,800,741,94 1574,360,1601,395,81 846,574,921,662,82 948,599,1031,664,82 1130,627,1198,702,82 915,673,981,750,82 1150,437,1203,503,82 1138,311,1211,368,88 1119,374,1188,437,88 1253,368,1320,435,88 1399,259,1497,374,95
data/images/frames_01545.jpg 796,556,879,720,94 1365,531,1392,577,81 1165,420,1228,510,82 1123,622,1207,700,82 956,585,1031,664,82 913,670,988,741,82 854,574,925,635,82 1255,366,1324,460,88 1040,357,1092,410,88 1136,376,1209,433,88 1545,270,1651,376,95
data/images/frames_01546.jpg 583,577,723,695,94 1633,316,1666,345,81 871,566,958,641,82 986,585,1077,648,82 946,650,1029,716,82 1121,641,1194,704,82 1182,416,1236,478,82 1031,357,1100,441,88 1253,357,1344,435,88 1616,203,1706,311,95
data/images/frames_01547.jpg 773,516,892,666,94 1656,309,1687,349,81 950,524,1009,602,82 1004,581,1075,654,82 973,635,1034,706,82 1134,624,1198,700,82 1178,418,1230,514,82 1034,355,1096,441,88 1259,376,1328,455,88 1493,205,1618,311,95
data/images/frames_01548.jpg 827,604,946,685,94 1545,384,1576,418,81 958,537,1009,602,82 994,593,1088,648,82 963,648,1042,718,82 1119,633,1200,698,82 1259,391,1315,468,88 1038,353,1109,430,88 1482,311,1633,416,95 1622,32,1847,270,91
data/images/frames_01549.jpg 794,539,898,687,94 940,526,1007,610,82 996,587,1061,658,82 967,641,1044,714,82 1127,633,1196,704,82 1290,378,1359,445,82 1029,364,1102,433,88 1560,239,1655,391,95 1436,503,1464,554,81 1628,42,1829,234,91
data/images/frames_01550.jpg 923,510,1031,633,94 1455,387,1514,460,82 1115,620,1182,702,82 1011,577,1061,645,82 975,641,1044,718,82 1031,357,1148,416,88 1511,364,1635,470,95 1392,485,1422,522,81 1622,40,1835,249,91
data/images/frames_01551.jpg 737,568,854,679,94 1059,539,1123,612,82 1115,503,1176,577,82 1182,597,1288,660,82 1415,435,1530,554,95 1599,28,1820,253,91 1622,437,1649,476,81
data/images/frames_01552.jpg 1128,408,1200,470,82 1146,503,1224,556,82 1248,537,1338,593,82 1614,305,1689,437,95 1614,40,1822,241,91 1668,266,1689,307,81
data/images/frames_01553.jpg 1445,149,1507,224,88 1574,72,1626,126,88 1631,42,1683,90,88 1453,445,1572,570,95 1461,105,1724,449,91 1067,503,1148,572,82 1100,641,1169,723,82 1152,718,1224,794,82
data/images/frames_01554.jpg 1386,188,1461,274,88 1455,136,1522,226,88 1562,84,1630,134,88 1631,36,1714,90,88 1520,134,1580,195,88 1267,301,1347,397,88 1415,174,1662,520,91 969,572,1061,637,82 1027,702,1082,779,82 1107,712,1198,775,82
data/images/frames_01555.jpg 1188,424,1282,531,88 1292,309,1365,387,88 1344,222,1407,322,88 1455,172,1520,203,88 1526,105,1593,157,88 1660,42,1714,94,88 1416,174,1676,497,91 1152,576,1246,641,82 1192,645,1286,708,82
data/images/frames_01556.jpg 710,677,810,846,94 1180,474,1261,556,88 1286,472,1361,549,88 1290,362,1359,455,88 1340,257,1397,314,88 1424,192,1476,247,88 1543,122,1610,163,88 1432,176,1655,503,91 1175,562,1246,633,82 1219,625,1292,712,82 1633,243,1747,357,95
data/images/frames_01557.jpg 792,670,896,815,94 1234,501,1313,579,88 1332,364,1395,422,88 1313,297,1368,355,88 1428,195,1505,257,88 1397,172,1668,499,91 1215,641,1305,698,82 1614,405,1727,522,95
data/images/frames_01558.jpg 614,487,752,585,94 1073,341,1138,431,88 1096,278,1153,357,88 1140,239,1207,341,88 1186,201,1253,255,88 1146,172,1217,224,88 1265,74,1324,134,88 1372,3,1576,257,91 1388,257,1497,362,95
data/images/frames_01559.jpg 493,622,622,725,94 1157,182,1236,224,88 1027,243,1104,293,88 1040,295,1111,334,88 969,324,1040,395,88 935,380,1011,439,88 946,418,1007,493,88 1359,5,1560,253,91 1221,341,1345,464,95
data/images/frames_01560.jpg 263,696,393,804,94 769,491,842,587,88 785,470,858,539,88 825,412,900,503,88 894,391,979,445,88 900,349,965,397,88 1021,264,1100,326,88 1351,3,1576,259,91 501,627,585,698,82 328,781,431,867,82 147,873,253,969,82 1073,479,1217,610,95
data/images/frames_01561.jpg 24,666,170,773,94 1374,13,1568,239,91 216,863,312,954,82 19,986,94,1063,82 389,741,468,825,82 551,672,662,775,82 608,564,658,654,82 1054,476,1201,610,95 656,562,706,631,88 725,551,769,610,88 668,516,735,568,88 844,403,915,478,88 817,366,896,416,88 906,347,1007,414,88
data/images/frames_01562.jpg 407,576,503,733,94 566,829,645,921,82 647,819,752,881,82 362,975,447,1048,82 792,595,887,668,82 885,625,940,731,82 879,556,938,633,82 1117,541,1148,585,81 1165,564,1301,712,95 919,576,1000,641,88 942,524,1013,581,88 910,437,994,526,88 1084,357,1144,414,88 1104,387,1192,462,88 1175,355,1246,433,88
data/images/frames_01563.jpg 412,595,545,744,94 823,491,904,572,82 869,554,940,629,82 871,633,931,741,82 622,748,721,814,82 639,823,708,885,82 971,602,1013,650,81 1232,560,1407,673,95 1079,357,1142,433,88 1109,403,1184,474,88 1182,360,1253,433,88 952,512,1032,579,88 887,485,959,560,88 940,560,1017,616,88
data/images/frames_01564.jpg 420,691,545,810,94 804,545,892,599,82 877,562,950,635,82 869,627,954,696,82 620,748,725,817,82 650,829,739,877,82 892,564,923,602,81 1276,389,1390,556,95 877,485,935,564,88 946,503,1019,579,88 944,562,992,648,88 1077,360,1148,422,88 1096,403,1171,479,88 1171,347,1269,426,88
data/images/frames_01565.jpg 510,624,631,754,94 967,645,1000,687,81 1136,464,1338,564,95 1597,32,1812,226,91 639,735,720,817,82 648,823,775,877,82 871,616,958,698,82 808,518,877,629,82 881,564,952,616,82 879,491,942,564,88 961,497,1017,574,88 944,562,1000,635,88 1080,370,1153,420,88 1111,397,1186,455,88 1176,351,1242,426,88
data/images/frames_01566.jpg 595,652,696,756,94 1347,585,1376,618,81 1182,529,1355,647,95 815,518,871,597,82 883,579,959,654,82 625,756,696,817,82 635,831,721,887,82 708,802,792,885,82 869,493,950,547,88 935,549,1029,631,88 1077,366,1136,412,88 1102,401,1171,462,88 1142,328,1219,391,88
data/images/frames_01567.jpg 360,727,489,837,94 919,618,954,666,81 1244,456,1355,581,95 814,531,888,595,82 871,579,933,658,82 625,748,729,823,82 654,823,729,887,82 712,810,814,896,82 1086,407,1163,472,88 1080,353,1138,412,88 1098,295,1169,360,88 879,489,942,552,88 933,547,1002,624,88
data/images/frames_01568.jpg 456,622,558,781,94 1434,510,1468,549,81 1205,418,1320,566,95 812,522,881,589,82 896,587,956,654,82 631,748,727,821,82 645,825,718,885,82 706,817,789,892,82 883,491,936,541,88 940,545,1000,629,88 1090,357,1146,420,88 1094,311,1175,368,88 1113,397,1184,456,88
data/images/frames_01569.jpg 420,670,576,791,94 954,606,992,652,81 1255,495,1415,610,95 616,748,683,815,82 660,829,706,881,82 721,825,806,885,82 804,524,873,597,82 890,593,961,670,82 862,483,938,564,88 938,545,1011,614,88 1102,399,1171,460,88 1075,357,1134,430,88 1096,314,1165,372,88
data/images/frames_01570.jpg 495,549,602,664,94 1347,499,1386,533,81 1186,518,1299,648,95 631,748,702,814,82 650,817,720,881,82 727,794,804,888,82 906,576,1002,687,82 808,516,896,600,82 871,472,956,556,88 950,547,1011,625,88 1092,401,1159,476,88 1079,353,1146,426,88 1092,303,1169,372,88
data/images/frames_01571.jpg 533,541,662,677,94 1034,660,1065,702,81 1255,460,1388,574,95 633,748,725,817,82 652,827,720,887,82 720,817,773,879,82 819,514,879,589,82 892,576,965,672,82 1071,360,1150,422,88 1090,318,1173,364,88 1115,408,1200,464,88 869,493,938,547,88 938,547,1023,618,88
data/images/frames_01572.jpg 562,541,648,666,94 1090,689,1123,733,81 1288,522,1430,641,95 819,516,879,635,82 900,591,983,698,82 622,748,685,835,82 645,825,706,887,82 716,821,783,894,82 877,497,936,552,88 944,541,1023,618,88 1094,407,1163,460,88 1073,364,1140,418,88 1100,318,1169,378,88
data/images/frames_01573.jpg 545,564,631,679,94 1313,585,1340,618,81 1125,518,1207,677,95 825,510,900,570,82 900,577,954,698,82 647,754,708,814,82 633,819,708,879,82 718,806,796,896,82 1090,405,1165,464,88 1084,351,1138,424,88 1100,309,1171,364,88 863,474,927,539,88 929,539,992,599,88
data/images/frames_01574.jpg 424,635,549,777,94 1098,639,1121,679,81 1271,472,1409,587,95 639,748,723,819,82 654,817,714,896,82 712,817,769,890,82 906,587,954,658,82 1105,405,1188,455,88 1069,364,1146,418,88 1090,312,1161,366,88
data/images/frames_01575.jpg 497,739,624,898,94 1607,508,1631,533,81 1184,543,1315,710,95 779,624,856,695,82 837,681,915,777,82 746,863,842,923,82 1100,408,1182,456,88 1075,372,1150,414,88 1107,303,1153,364,88 1015,479,1090,564,82
data/images/frames_01576.jpg 422,754,564,887,94 1299,299,1324,334,81 1353,376,1491,493,95 1079,456,1150,551,82 833,587,910,656,82 862,637,948,702,82 892,689,952,781,82 1094,403,1159,472,88 1075,357,1138,420,88 1105,309,1161,362,88
data/images/frames_01577.jpg 620,595,760,733,94 1142,516,1173,551,81 1267,307,1428,422,95 810,585,879,652,82 854,635,913,693,82 917,668,984,743,82 1069,451,1125,539,82 1104,311,1180,378,88 1082,372,1161,428,88 1123,412,1188,456,88
data/images/frames_01578.jpg 825,458,923,593,94 1077,464,1111,501,81 1380,197,1466,389,95 808,587,888,647,82 856,625,938,698,82 911,687,990,752,82 1096,312,1167,380,88 1084,368,1127,430,88 1096,399,1169,481,88
data/images/frames_01579.jpg 727,543,831,641,94 1549,479,1580,520,81 1461,243,1551,387,95 831,585,908,647,82 871,627,950,691,82 915,681,988,752,82 1090,314,1163,360,88 1084,364,1130,420,88 1107,397,1194,466,88
data/images/frames_01580.jpg 808,449,900,599,94 735,708,764,756,81 1399,326,1532,464,95 823,583,883,654,82 850,633,911,696,82 913,668,983,750,82 1017,403,1075,456,88 1084,355,1140,424,88
data/images/frames_01581.jpg 597,608,720,704,94 975,737,1007,779,81 1261,401,1376,503,95 829,574,908,654,82 863,625,940,683,82 910,673,981,756,82 1004,403,1069,478,88 1082,355,1130,435,88
data/images/frames_01582.jpg 355,729,516,837,94 1416,556,1455,597,81 1353,443,1536,579,95 829,583,906,647,82 860,629,913,702,82 908,673,971,756,82 1002,399,1073,464,88 1090,366,1134,418,88
data/images/frames_01583.jpg 487,593,625,716,94 877,604,898,639,81 1422,449,1549,564,95 817,591,888,656,82 862,635,925,698,82 910,650,975,748,82 1002,395,1084,460,88 1065,357,1155,418,88 1545,21,1616,72,88
data/images/frames_01584.jpg 579,547,702,668,94 837,554,869,572,81 1205,479,1324,620,95 823,591,911,648,82 869,629,917,702,82 917,677,984,746,82 1009,378,1077,470,88 1075,366,1136,426,88 1455,86,1520,165,88 1551,19,1599,72,88
data/images/frames_01585.jpg 512,587,650,725,94 1484,472,1512,514,81 1203,487,1336,610,95 854,633,915,695,82 904,681,983,760,82 1011,395,1075,464,88 1084,355,1167,422,88 1367,180,1426,263,88 1453,90,1514,172,88 1516,34,1580,111,88
data/images/frames_01586.jpg 624,543,743,695,94 1230,556,1255,597,81 1359,385,1430,529,95 862,633,915,698,82 915,664,979,748,82 1079,362,1144,426,88 1244,276,1326,374,88 1353,182,1413,266,88 1430,111,1491,193,88 1522,23,1618,117,90
data/images/frames_01587.jpg 524,629,662,783,94 1509,533,1536,566,81 1512,345,1672,449,95 854,610,925,698,82 917,677,990,758,82 1434,103,1528,209,90 1324,207,1390,303,88 1238,274,1292,374,88 1125,393,1186,478,88 938,449,1027,526,88 1545,34,1610,74,88
data/images/frames_01588.jpg 497,677,629,787,94 1368,468,1516,600,95 842,627,931,702,82 904,679,971,756,82 860,479,931,577,88 961,501,1025,595,88 1102,382,1157,470,88 1194,311,1255,399,88 1461,111,1520,149,88 1507,65,1562,105,88 1553,34,1630,72,88 1322,199,1420,301,90 416,933,483,1032,82
data/images/frames_01589.jpg 535,637,631,781,94 1368,687,1399,723,81 1173,514,1397,650,95 854,627,923,702,82 915,673,973,764,82 1184,286,1292,387,90 1050,403,1123,499,90 921,470,1007,554,90 921,556,988,639,90 1351,211,1428,261,90 1388,145,1470,195,90 1468,97,1530,151,90 616,746,685,846,82 455,888,528,986,82 278,1034,339,1073,82
data/images/frames_01590.jpg 293,771,456,887,94 933,714,969,748,81 1353,593,1507,729,95 863,554,935,627,88 935,551,992,637,88 961,524,1044,581,88 1251,324,1324,376,88 1299,247,1361,305,88 1363,188,1426,247,88 501,860,577,950,82 648,729,716,814,82 773,721,871,777,82 854,631,915,706,82 919,679,986,754,82 1050,385,1150,512,90
data/images/frames_01591.jpg 892,748,923,787,81 435,654,543,779,94 1353,602,1491,720,95 931,591,990,654,88 992,618,1061,673,88 827,583,906,652,88 1171,426,1242,487,88 1207,374,1274,430,88 1280,311,1351,370,88 700,720,769,800,82 835,643,902,708,82 860,687,906,769,82 908,672,959,756,82 339,986,416,1071,82 952,470,1046,579,90
data/images/frames_01592.jpg 952,725,981,768,81 328,687,491,812,94 1263,518,1367,639,95 696,593,771,677,88 1000,593,1065,670,88 1128,393,1215,453,88 1171,445,1228,524,88 1226,447,1294,510,88 431,883,524,961,82 357,969,470,1046,82 769,616,846,689,82 900,679,988,758,82 954,478,1069,595,90 877,572,931,662,82 600,714,712,835,84
data/images/frames_01593.jpg 1155,792,1192,837,81 414,689,493,779,94 1219,549,1330,666,95 925,570,1000,641,88 998,599,1056,662,88 695,602,804,720,88 1121,407,1200,456,88 1180,439,1248,499,88 1215,455,1280,516,88 971,656,1052,731,82 867,612,931,700,82 865,524,954,585,82 441,869,510,956,82 389,948,466,1019,82 437,1007,510,1073,82 604,721,708,827,84 958,470,1057,579,90
data/images/frames_01594.jpg 1384,720,1411,760,81 255,744,384,881,94 1169,645,1309,771,95 695,645,760,733,88 946,585,1004,639,88 998,585,1071,660,88 1115,385,1184,464,88 1157,431,1228,520,88 1238,451,1315,528,88 877,589,938,681,82 846,470,923,591,82 969,658,1080,754,82 439,854,539,954,82 374,944,462,1023,82 435,1011,528,1077,82 600,708,704,839,84 954,495,1077,585,90
data/images/frames_01595.jpg 1274,510,1311,551,81 399,416,524,531,94 1307,347,1445,443,95 1105,145,1182,213,88 1146,178,1223,247,88 1200,201,1255,272,88 952,309,1044,376,88 599,508,668,570,82 537,570,610,624,82 583,576,647,645,82 848,264,921,324,82 887,322,948,374,82 952,374,1031,430,82 708,374,815,481,84 958,228,1061,309,90
data/images/frames_01596.jpg 1363,357,1388,395,81 487,370,583,499,94 1152,370,1313,455,95 990,301,1046,359,88 1107,155,1155,222,88 1138,190,1190,255,88 1205,211,1253,278,88 616,481,685,539,82 693,503,769,566,82 666,551,727,629,82 894,322,959,378,82 961,368,1044,437,82 869,259,923,334,82 739,345,842,449,84 950,224,1061,311,90
data/images/frames_01597.jpg 1211,401,1238,447,81 382,441,493,591,94 1322,238,1432,370,95 979,312,1048,378,88 1094,163,1159,224,88 1134,178,1194,247,88 1205,195,1274,270,88 616,470,670,541,82 685,508,746,562,82 654,560,716,616,82 948,378,1029,431,82 867,324,933,372,82 877,263,933,324,82 746,341,839,439,84 944,226,1057,301,90
data/images/frames_01598.jpg 1447,280,1488,311,81 501,410,610,552,94 1278,264,1368,401,95 946,311,1054,384,88 1115,151,1186,220,88 1150,186,1219,255,88 1203,201,1251,272,88 627,479,708,537,82 700,501,766,572,82 664,547,729,618,82 873,268,942,324,82 862,316,944,401,82 958,362,1025,437,82 744,359,846,449,84 952,234,1059,309,90
data/images/frames_01599.jpg 806,549,837,595,81 535,410,616,541,94 1261,286,1395,387,95 927,288,981,360,88 975,312,1040,382,88 1105,167,1165,218,88 1138,188,1192,261,88 1198,215,1261,278,88 624,483,685,539,82 700,497,769,566,82 658,552,744,622,82 831,259,917,322,82 873,314,942,380,82 963,359,1019,430,82 752,341,844,428,84 935,226,1059,311,90
data/images/frames_01600.jpg 835,464,869,499,81 422,478,551,593,94 1123,395,1207,510,95 1098,163,1167,224,88 1134,201,1203,257,88 1207,209,1276,263,88 977,316,1042,374,88 706,437,777,485,82 658,503,739,574,82 752,526,819,597,82 869,259,938,324,82 869,324,952,401,82 1011,355,1082,412,82 746,347,844,435,84 938,238,1065,316,90
data/images/frames_01601.jpg 1253,391,1284,433,81 508,449,643,551,94 1079,395,1213,510,95 1084,167,1159,220,88 1138,193,1201,247,88 1207,209,1249,270,88 988,312,1069,382,88 710,431,800,487,82 698,501,768,570,82 789,485,854,564,82 752,347,839,435,84 958,216,1059,309,90
data/images/frames_01602.jpg 1017,326,1056,364,81 556,408,668,551,94 1290,297,1353,433,95 1090,168,1152,224,88 1138,207,1194,261,88 1200,207,1284,274,88 689,503,775,566,82 791,501,844,572,82 716,437,779,485,82 1169,268,1221,332,82 735,353,844,437,84 944,228,1056,312,90
data/images/frames_01603.jpg 1196,297,1232,343,81 577,405,677,556,94 1203,236,1294,330,95 1100,174,1157,222,88 1155,201,1207,263,88 714,431,789,493,82 677,495,743,576,82 783,497,844,574,82 750,345,846,441,84 946,224,1048,339,90
data/images/frames_01604.jpg 1276,301,1299,330,81 577,395,670,537,94 1223,222,1315,345,95 1038,201,1094,270,88 1063,239,1125,301,88 798,420,856,501,88 1200,220,1269,263,88 723,420,789,497,82 679,501,769,570,82 785,499,856,566,82 1171,266,1221,330,82 754,347,840,445,84 938,230,1048,316,90
data/images/frames_01605.jpg 1610,483,1635,520,81 528,731,647,879,94 1255,493,1432,610,95 1032,455,1098,516,88 1079,503,1153,577,88 1236,449,1301,512,88 675,744,737,804,82 700,819,769,883,82 764,829,815,913,82 1184,531,1261,600,82 698,639,827,746,84 954,481,1054,577,90
data/images/frames_01606.jpg 1269,574,1299,618,81 535,739,645,908,94 1457,414,1566,558,95 1032,464,1096,520,88 1084,506,1144,574,88 1230,458,1297,524,88 673,746,741,810,82 693,819,758,883,82 769,831,833,898,82 1200,526,1253,604,82 720,633,837,737,84 954,478,1061,589,90
data/images/frames_01607.jpg 1238,599,1278,639,81 600,704,723,862,94 1393,466,1537,587,95 1048,428,1117,510,88 1079,499,1155,568,88 1224,460,1297,522,88 729,721,819,792,82 792,748,854,808,82 827,771,888,837,82 867,570,954,685,84
data/images/frames_01608.jpg 1380,687,1403,725,81 608,664,727,825,94 1368,499,1495,624,95 1052,470,1109,514,88 1082,503,1188,577,88 1232,455,1311,512,88 729,721,785,785,82 798,716,867,792,82 835,764,902,835,82 865,568,965,685,84
data/images/frames_01609.jpg 1246,802,1271,840,81 616,672,729,831,94 1361,577,1478,685,95 1019,456,1096,535,88 1077,516,1146,577,88 1215,451,1292,531,88 727,721,810,789,82 806,706,894,794,82 827,758,921,833,82 862,577,961,673,84
data/images/frames_01610.jpg 1079,825,1107,875,81 604,672,725,833,94 1368,627,1482,752,95 1025,439,1115,518,88 1023,528,1107,608,88 1213,449,1292,539,88 733,712,810,789,82 796,716,846,785,82 819,760,885,844,82 854,577,965,683,84
data/images/frames_01611.jpg 1580,648,1607,679,81 501,721,681,831,94 1228,679,1353,825,95 1224,456,1305,524,88 758,624,848,693,82 798,721,873,800,82 839,756,902,835,82 923,543,1025,647,84
data/images/frames_01612.jpg 1518,337,1547,380,81 1420,549,1534,666,95 1226,464,1296,547,88 933,620,1031,681,82 984,670,1071,729,82 984,746,1075,806,82 1105,543,1234,624,84
data/images/frames_01613.jpg 1733,276,1760,312,81 562,689,677,840,94 1495,387,1603,512,95 1226,462,1296,535,88 1568,24,1614,80,88 952,610,1038,677,82 969,654,1061,723,82 990,731,1067,819,82 1123,533,1198,639,84
data/images/frames_01614.jpg 1382,541,1413,587,81 435,775,556,917,94 1393,408,1518,552,95 1242,197,1326,291,88 952,631,1048,685,88 1355,109,1418,190,88 1447,51,1495,107,88 641,808,750,879,82 792,712,915,825,84
data/images/frames_01615.jpg 1359,476,1395,503,81 479,787,577,888,94 1376,416,1459,518,95 1415,65,1601,393,91 1130,305,1201,387,88 1248,195,1330,288,88 1332,119,1395,228,88 1430,88,1476,140,88 693,748,762,831,82 720,815,794,892,82 764,892,802,919,82 867,658,981,779,84
data/images/frames_01616.jpg 1338,549,1370,579,81 389,727,518,863,94 1424,312,1526,451,95 1395,72,1591,364,91 1007,428,1096,518,88 1134,309,1192,399,88 1215,230,1284,318,88 1303,168,1368,226,88 1395,105,1464,157,88 794,618,869,693,82 791,754,867,810,82 854,716,906,775,82 984,522,1067,629,84
data/images/frames_01617.jpg 1107,610,1132,645,81 516,629,668,754,94 1349,407,1470,501,95 1415,69,1601,385,91 1040,466,1123,535,88 1117,359,1198,439,88 1182,257,1257,312,88 1288,182,1347,243,88 1376,117,1449,167,88 961,478,1046,526,88 802,608,887,681,82 840,710,921,789,82 875,773,931,863,82 961,526,1069,635,84
data/images/frames_01618.jpg 1096,610,1117,652,81 535,633,643,764,94 1317,403,1480,522,95 1397,72,1595,364,91 956,401,1032,491,88 986,483,1056,552,88 1063,462,1113,554,88 1140,295,1211,378,88 1134,224,1217,293,88 1259,209,1336,270,88 796,614,892,689,82 850,706,917,781,82 867,787,925,863,82 967,539,1077,631,84
data/images/frames_01619.jpg 1092,648,1127,687,81 531,633,633,750,94 1319,487,1424,589,95 1401,86,1622,370,91 1084,268,1153,353,88 1150,280,1221,357,88 1215,311,1294,370,88 1061,437,1123,564,88 887,479,984,551,88 800,622,854,689,82 846,714,904,791,82 865,791,931,875,82 986,526,1063,631,84
data/images/frames_01620.jpg 1230,672,1253,712,81 524,622,633,771,94 1301,474,1445,593,95 1357,74,1616,416,91 1036,472,1115,570,88 1088,274,1157,337,88 1138,307,1192,357,88 1192,324,1253,393,88 900,624,967,708,88 800,624,906,693,82 846,714,915,777,82 856,777,948,856,82 497,833,566,923,82 301,950,376,1057,82
data/images/frames_01621.jpg 1476,652,1514,687,81 533,633,627,764,94 1284,512,1376,627,95 1395,72,1614,385,91 992,357,1067,424,88 1071,378,1121,435,88 1100,412,1153,478,88 971,641,1054,735,88 908,677,977,754,88 332,929,399,1040,82 537,806,610,906,82 716,718,781,800,82 839,716,913,787,82 862,794,923,863,82 789,624,867,685,82
data/images/frames_01622.jpg 831,771,860,817,81 493,639,658,766,94 1351,549,1507,679,95 1388,71,1607,378,91 979,416,1040,474,88 1038,403,1094,472,88 1092,424,1153,493,88 910,668,961,748,88 954,693,1006,802,88 808,631,883,689,82 846,712,925,779,82 869,781,938,858,82 562,796,637,900,82 364,929,455,1007,82
data/images/frames_01623.jpg 1207,700,1240,746,81 524,627,620,762,94 1242,645,1345,769,95 1407,74,1608,374,91 967,455,1040,539,88 1013,378,1086,458,88 1090,424,1153,508,88 887,662,958,758,88 958,706,1021,810,88 216,1021,291,1077,82 414,885,489,959,82 497,848,577,910,82 775,831,856,915,82 911,839,986,925,82 869,777,961,852,82 779,673,848,746,82 802,614,892,677,82 839,700,917,783,82
data/images/frames_01624.jpg 1219,597,1249,624,81 318,689,462,802,94 1297,510,1397,672,95 1397,71,1616,368,91 969,445,1042,518,88 1015,416,1084,495,88 1084,399,1182,478,88 936,729,1031,792,88 894,681,969,754,88 441,888,512,952,82 495,752,585,823,82 483,833,568,896,82 794,606,860,679,82 764,679,839,754,82 844,725,911,783,82 860,792,919,854,82 938,804,1034,877,82
data/images/frames_01625.jpg 885,741,917,781,81 343,683,472,840,94 1213,549,1338,658,95 1376,65,1630,374,91 969,449,1025,531,88 1025,424,1096,487,88 1054,472,1115,539,88 946,739,1015,802,88 514,760,602,823,82 487,842,597,898,82 541,888,616,961,82 812,616,877,681,82 856,781,935,856,82 950,800,1027,911,82 844,710,904,771,82
data/images/frames_01626.jpg 1167,710,1192,754,81 439,683,529,808,94 1023,604,1182,712,95 1403,55,1622,382,91 969,455,1038,512,88 1021,430,1082,489,88 1021,485,1107,554,88 520,762,624,835,82 491,846,593,904,82 543,892,610,946,82 794,606,890,687,82 856,781,927,856,82 952,798,1017,877,82
data/images/frames_01627.jpg 892,748,923,785,81 288,702,453,862,94 1163,512,1248,681,95 1405,72,1622,378,91 967,453,1027,516,88 1025,431,1082,487,88 1000,501,1077,556,88 961,710,1021,785,88 800,616,862,693,82 850,714,921,785,82 850,792,927,856,82 936,792,1032,869,82 497,754,593,827,82 487,840,560,904,82 549,892,652,938,82
data/images/frames_01628.jpg 1466,658,1499,700,81 418,687,539,815,94 1203,579,1322,733,95 1392,74,1614,364,91 969,447,1023,524,88 1013,435,1082,489,88 804,620,888,683,82 817,737,908,800,82 862,789,946,854,82 946,789,1015,869,82 479,831,593,904,82 508,762,610,823,82 539,881,608,942,82
data/images/frames_01629.jpg 1374,599,1401,631,81 372,673,506,817,94 1330,610,1499,727,95 1384,69,1610,366,91 975,441,1025,531,88 1021,433,1090,487,88 656,681,721,746,82 658,733,720,815,82 731,775,808,846,82 815,612,894,689,82 862,775,933,856,82 969,599,1061,691,82 1027,512,1098,600,82 1144,718,1238,800,82
data/images/frames_01630.jpg 1520,387,1551,428,81 595,577,704,704,94 1361,493,1457,625,95 1420,63,1620,387,91 954,447,1029,514,88 1023,430,1075,493,88 1007,495,1096,574,88 700,631,769,698,82 796,608,862,691,82 762,700,852,756,82 777,748,867,817,82 894,720,973,806,82 1036,566,1140,656,82 1148,591,1244,683,82
data/images/frames_01631.jpg 1059,762,1092,810,81 720,518,810,645,94 1434,370,1539,479,95 1390,65,1608,374,91 969,456,1027,520,88 1029,487,1088,560,88 1013,422,1082,483,88 704,622,794,689,82 804,599,887,681,82 754,693,852,766,82 777,752,850,815,82 896,708,977,802,82 1077,541,1182,624,82
data/images/frames_01632.jpg 1176,700,1203,739,81 716,514,833,648,94 1570,257,1651,374,95 1392,76,1607,385,91 969,455,1032,516,88 1029,424,1069,497,88 1069,468,1121,535,88 706,637,804,693,82 760,685,848,766,82 791,739,863,817,82 906,696,981,796,82 1109,431,1198,508,82
data/images/frames_01633.jpg 792,917,823,952,81 1585,172,1697,280,95 1409,80,1624,401,91 967,441,1031,510,88 1238,416,1315,478,82
data/images/frames_01634.jpg 823,925,860,952,81 710,506,810,641,94 1593,203,1697,322,95 1403,69,1607,376,91 961,455,1034,529,88 718,629,791,693,82 769,691,831,760,82 791,739,850,829,82 900,721,965,800,82 1449,372,1522,455,82
data/images/frames_01635.jpg 1488,437,1514,470,81 720,506,808,641,94 1570,249,1727,372,95 1399,69,1614,372,91 716,635,806,693,82 762,693,846,762,82 789,729,877,815,82 896,698,969,796,82 1445,376,1541,460,82
data/images/frames_01636.jpg 1685,272,1712,307,81 650,547,766,650,94 1537,282,1668,407,95 1376,72,1614,410,91 854,554,921,618,82 913,539,984,602,82 1015,547,1084,618,82 904,587,973,666,82
data/images/frames_01637.jpg 1007,518,1034,560,81 785,445,929,572,94 1568,293,1704,391,95 1411,71,1612,384,91 988,416,1061,485,82 1057,412,1127,470,82 1015,456,1092,531,82 1132,433,1232,497,82
data/images/frames_01638.jpg 1390,458,1415,501,81 741,531,869,627,94 1564,272,1662,405,95 1399,76,1614,364,91 1107,393,1198,447,82 1065,424,1153,481,82 1134,455,1232,508,82 1161,478,1224,547,82
data/images/frames_01639.jpg 1282,503,1319,547,81 737,539,846,691,94 1637,195,1741,314,95 1399,92,1603,359,91 1157,470,1248,539,82
data/images/frames_01640.jpg 1169,503,1200,533,81 721,631,825,725,94 1683,149,1793,263,95 1399,94,1616,364,91 1150,466,1251,541,82
data/images/frames_01641.jpg 1261,587,1292,637,81 852,472,963,595,94 1620,230,1731,328,95 1399,88,1603,380,91
data/images/frames_01642.jpg 1067,645,1098,681,81 689,647,792,718,94 1545,270,1662,401,95 1407,46,1614,376,91
data/images/frames_01643.jpg 913,695,940,733,81 514,702,660,800,94 1395,347,1507,495,95 1409,69,1626,387,91 1368,96,1430,178,88
data/images/frames_01644.jpg 1378,514,1416,556,81 1238,435,1382,572,95 1413,59,1618,380,91 1253,201,1328,284,88 1359,115,1422,178,88 1438,48,1501,107,88
data/images/frames_01645.jpg 1303,543,1330,587,81 1336,408,1491,520,95 1405,78,1622,372,91 1138,305,1200,393,88 1251,201,1315,282,88 1324,132,1386,209,88
data/images/frames_01646.jpg 1224,320,1248,357,81 1213,236,1307,355,95 1345,19,1520,190,91 990,195,1065,282,88 1123,107,1182,186,88 1192,48,1257,117,88
data/images/frames_01647.jpg 1077,414,1107,453,81 1094,280,1217,370,95 846,288,923,380,88 990,190,1063,289,88 1084,132,1146,215,88 1196,63,1261,117,88 1253,17,1322,63,88
data/images/frames_01648.jpg 293,779,324,829,81 1271,357,1351,479,95 1603,26,1800,195,91 1021,393,1090,493,88 1153,297,1215,378,88 1251,218,1305,307,88 1365,157,1428,195,88 1432,94,1489,149,88 1530,13,1580,55,88
data/images/frames_01649.jpg 873,526,946,610,88 1023,395,1084,487,88 1113,316,1176,408,88 1249,239,1319,295,88 1309,186,1382,247,88 1430,84,1499,136,88 334,890,424,992,82 524,789,608,892,82 718,648,775,729,82 1234,408,1330,547,95 1322,518,1355,574,81 153,762,289,915,94