21
1161 343 1192 403 Mouse
535 504 604 572 Minion_Blue
560 662 625 718 Minion_Blue
622 702 681 781 Minion_Blue
819 259 869 326 Minion_Blue
879 259 931 334 Minion_Blue
702 508 865 635 SuperMinion_Blue
481 581 572 702 Ashe
806 188 885 263 Minion_Red
750 251 829 328 Minion_Red
631 547 704 627 Minion_Red
700 656 804 733 Minion_Red
831 668 908 733 Minion_Red
783 608 871 672 Minion_Red
1438 744 1512 823 Minion_Red
1376 971 1491 1075 Minion_Red
731 157 791 215 Minion_Red
783 134 837 182 Minion_Red
489 720 572 802 Minion_Red
737 702 892 833 Canon_Red
940 241 1330 595 Nexus_Red
