19
1161 343 1196 393 Mouse
510 503 585 576 Minion_Blue
539 679 608 737 Minion_Blue
602 727 677 781 Minion_Blue
792 266 852 324 Minion_Blue
860 255 935 332 Minion_Blue
679 526 850 641 SuperMinion_Blue
453 574 554 710 Ashe
689 650 754 725 Minion_Red
760 660 814 723 Minion_Red
823 664 900 737 Minion_Red
1415 718 1516 798 Minion_Red
1388 940 1484 1032 Minion_Red
716 178 758 234 Minion_Red
760 119 819 178 Minion_Red
787 188 860 238 Minion_Red
456 733 562 815 Minion_Red
720 733 885 833 Canon_Red
935 253 1282 589 Nexus_Red
