19
485 664 600 766 Ashe
1040 606 1063 637 Mouse
969 604 1031 673 Minion_Red
1046 558 1115 606 Minion_Red
1115 587 1171 652 Minion_Red
915 474 998 549 Minion_Red
1004 493 1054 549 Minion_Red
700 648 775 733 Minion_Red
750 696 823 787 Minion_Red
591 856 652 931 Minion_Red
1205 293 1272 349 Minion_Blue
1322 197 1399 259 Minion_Blue
1259 320 1330 387 Minion_Blue
1161 531 1226 612 Minion_Blue
1105 501 1165 560 Minion_Blue
1044 483 1109 541 Minion_Blue
1418 489 1530 614 Veigar
852 587 950 704 Canon_Red
1153 395 1271 489 Canon_Blue
