19
570 648 685 744 Ashe
1464 522 1497 556 Mouse
733 710 825 781 Minion_Red
777 775 852 860 Minion_Red
768 635 839 696 Minion_Red
963 602 1023 662 Minion_Red
1104 585 1180 650 Minion_Red
1042 560 1105 618 Minion_Red
998 491 1057 556 Minion_Red
931 476 992 551 Minion_Red
1119 501 1192 560 Minion_Blue
1155 549 1228 616 Minion_Blue
1190 314 1251 387 Minion_Blue
1267 322 1324 387 Minion_Blue
1330 349 1395 407 Minion_Blue
1054 483 1121 551 Minion_Blue
1361 487 1482 610 Veigar
840 591 959 702 Canon_Red
1173 405 1294 485 Canon_Blue
