20
1013 426 1056 474 Mouse
574 758 639 831 Minion_Blue
652 815 723 865 Minion_Blue
733 837 794 908 Minion_Blue
808 752 850 825 Minion_Blue
863 789 927 865 Minion_Blue
935 829 1002 894 Minion_Blue
961 547 1009 612 Minion_Blue
1002 499 1052 568 Minion_Blue
804 535 883 627 Minion_Blue
1038 528 1157 648 Canon_Blue
760 595 852 725 Ashe
981 311 1054 389 Minion_Red
1061 324 1117 410 Minion_Red
1140 341 1230 420 Minion_Red
1436 693 1543 787 Minion_Red
837 462 969 549 Canon_Red
1336 44 1545 364 Turret_Red
1046 3 1194 138 Turret_Red
1276 11 1612 142 Nexus_Red
